[1, 2, 3]
[3, 2, 4]
[2, 5, 4]
[3, 4, 6]
[4, 5, 7]
[5, 8, 7]
[4, 9, 6]
[4, 7, 9]
[6, 9, 10]
[7, 8, 11]
[8, 12, 11]
[7, 13, 9]
[7, 11, 13]
[9, 14, 10]
[9, 13, 14]
[10, 14, 15]
[11, 12, 16]
[12, 17, 16]
[11, 18, 13]
[11, 16, 18]
[13, 19, 14]
[13, 18, 19]
[14, 20, 15]
[14, 19, 20]
[16, 17, 21]
[16, 22, 18]
[16, 21, 22]
[18, 23, 19]
[18, 22, 23]
[19, 24, 20]
[19, 23, 24]
[22, 21, 25]
[22, 26, 23]
[22, 25, 26]
[23, 27, 24]
[23, 26, 27]
[20, 28, 15]
[20, 24, 29]
[20, 29, 28]
[24, 27, 30]
[24, 30, 29]
[21, 17, 31]
[17, 32, 31]
[32, 33, 31]
[33, 34, 31]
[31, 35, 21]
[21, 35, 25]
[31, 34, 35]
[34, 36, 35]
[25, 37, 26]
[25, 35, 37]
[35, 36, 38]
[35, 38, 37]
[36, 39, 38]
[26, 40, 27]
[26, 37, 40]
[37, 38, 41]
[37, 41, 40]
[38, 39, 42]
[38, 42, 41]
[39, 43, 42]
[27, 44, 30]
[27, 40, 44]
[40, 41, 45]
[40, 45, 44]
[41, 42, 46]
[41, 46, 45]
[42, 43, 47]
[42, 47, 46]
[43, 48, 47]
[28, 49, 15]
[15, 49, 50]
[29, 51, 28]
[28, 51, 52]
[52, 51, 53]
[29, 30, 54]
[29, 54, 51]
[51, 54, 55]
[30, 44, 56]
[30, 56, 54]
[54, 57, 55]
[54, 56, 57]
[44, 45, 58]
[44, 58, 56]
[56, 59, 57]
[56, 58, 59]
[45, 46, 60]
[45, 60, 58]
[58, 61, 59]
[58, 60, 61]
[46, 47, 62]
[46, 62, 60]
[60, 63, 61]
[60, 62, 63]
[47, 48, 64]
[47, 64, 62]
[62, 65, 63]
[62, 64, 65]
[48, 66, 64]
[64, 67, 65]
[64, 66, 67]
[66, 68, 67]
[57, 69, 55]
[57, 59, 70]
[57, 70, 69]
[59, 61, 71]
[59, 71, 70]
[61, 63, 72]
[61, 72, 71]
[63, 65, 73]
[63, 73, 72]
[65, 67, 74]
[65, 74, 73]
[67, 68, 75]
[67, 75, 74]
[68, 76, 75]
[70, 77, 69]
[70, 71, 78]
[70, 78, 77]
[71, 72, 79]
[71, 79, 78]
[72, 73, 80]
[72, 80, 79]
[73, 74, 81]
[73, 81, 80]
[74, 75, 82]
[74, 82, 81]
[75, 76, 83]
[75, 83, 82]
[76, 84, 83]
[84, 85, 83]
[83, 86, 82]
[83, 85, 86]
[82, 87, 81]
[82, 86, 87]
[69, 88, 55]
[88, 69, 89]
[69, 77, 89]
[89, 77, 90]
[77, 78, 91]
[77, 91, 90]
[78, 79, 92]
[78, 92, 91]
[79, 80, 93]
[79, 93, 92]
[80, 81, 94]
[80, 94, 93]
[93, 95, 92]
[93, 94, 95]
[92, 96, 91]
[92, 95, 96]
[91, 97, 90]
[91, 96, 97]
[90, 97, 98]
[81, 87, 99]
[81, 99, 94]
[88, 100, 55]
[55, 100, 51]
[100, 101, 51]
[51, 101, 53]
[101, 102, 53]
[86, 85, 103]
[85, 104, 103]
[86, 105, 87]
[86, 103, 105]
[87, 106, 99]
[87, 105, 106]
[96, 95, 107]
[96, 108, 97]
[96, 107, 108]
[97, 109, 98]
[97, 108, 109]
[108, 107, 110]
[108, 110, 109]
[98, 109, 111]
[109, 110, 112]
[109, 112, 111]
[111, 112, 113]
[113, 112, 114]
[112, 110, 115]
[112, 115, 114]
[114, 115, 116]
[94, 99, 117]
[99, 106, 118]
[99, 118, 117]
[94, 119, 95]
[94, 117, 119]
[95, 120, 107]
[95, 119, 120]
[119, 117, 121]
[119, 121, 120]
[103, 104, 122]
[104, 123, 122]
[103, 124, 105]
[103, 122, 124]
[105, 125, 106]
[105, 124, 125]
[106, 126, 118]
[106, 125, 126]
[110, 127, 128]
[110, 128, 115]
[110, 107, 127]
[107, 120, 129]
[107, 129, 127]
[115, 130, 116]
[115, 128, 130]
[116, 130, 131]
[117, 132, 133]
[117, 133, 121]
[117, 118, 132]
[118, 126, 134]
[118, 134, 132]
[126, 125, 135]
[126, 135, 134]
[125, 124, 136]
[125, 136, 135]
[124, 122, 137]
[124, 137, 136]
[122, 123, 138]
[122, 138, 137]
[123, 139, 138]
[120, 121, 140]
[120, 141, 129]
[120, 140, 141]
[129, 142, 127]
[129, 141, 142]
[127, 143, 128]
[127, 142, 143]
[128, 144, 130]
[128, 143, 144]
[143, 142, 145]
[143, 145, 144]
[130, 146, 131]
[130, 144, 146]
[144, 145, 147]
[144, 147, 146]
[131, 146, 148]
[146, 147, 149]
[146, 149, 148]
[148, 149, 150]
[135, 151, 134]
[135, 136, 152]
[135, 152, 151]
[136, 137, 153]
[136, 153, 152]
[137, 138, 154]
[137, 154, 153]
[153, 155, 152]
[153, 154, 155]
[138, 139, 156]
[138, 156, 154]
[154, 157, 155]
[154, 156, 157]
[139, 158, 156]
[156, 159, 157]
[156, 158, 159]
[158, 160, 159]
[141, 140, 161]
[141, 162, 142]
[141, 161, 162]
[161, 140, 163]
[140, 121, 163]
[163, 121, 164]
[121, 133, 164]
[164, 133, 165]
[133, 132, 165]
[165, 132, 166]
[132, 134, 166]
[166, 134, 167]
[134, 151, 167]
[167, 151, 168]
[151, 152, 169]
[151, 169, 168]
[168, 169, 170]
[152, 155, 171]
[152, 171, 169]
[169, 172, 170]
[169, 171, 172]
[171, 155, 173]
[171, 173, 172]
[155, 157, 174]
[155, 174, 173]
[157, 159, 175]
[157, 175, 174]
[174, 176, 173]
[174, 175, 176]
[159, 160, 177]
[159, 177, 175]
[175, 178, 176]
[175, 177, 178]
[160, 179, 177]
[177, 180, 178]
[177, 179, 180]
[179, 181, 180]
[181, 182, 180]
[180, 183, 178]
[178, 183, 176]
[180, 182, 183]
[182, 184, 183]
[176, 185, 173]
[176, 183, 185]
[183, 184, 186]
[183, 186, 185]
[173, 187, 172]
[173, 185, 187]
[185, 186, 188]
[185, 188, 187]
[186, 184, 189]
[186, 189, 188]
[184, 190, 189]
[189, 191, 188]
[189, 190, 191]
[191, 192, 188]
[188, 192, 187]
[187, 193, 172]
[193, 170, 172]
[193, 187, 192]
[49, 194, 50]
[50, 194, 195]
[195, 194, 196]
[196, 197, 195]
[196, 194, 198]
[194, 49, 199]
[194, 200, 198]
[194, 199, 200]
[200, 201, 198]
[200, 199, 202]
[200, 203, 201]
[200, 202, 203]
[199, 49, 52]
[52, 53, 199]
[199, 53, 202]
[53, 102, 202]
[202, 204, 203]
[202, 102, 204]
[204, 205, 203]
[52, 49, 28]
[203, 206, 201]
[203, 205, 207]
[203, 207, 206]
[205, 208, 207]
[207, 209, 206]
[207, 208, 210]
[207, 210, 209]
[208, 211, 210]
[206, 212, 201]
[206, 209, 213]
[206, 213, 212]
[210, 211, 214]
[211, 215, 214]
[210, 216, 209]
[210, 214, 216]
[209, 217, 213]
[209, 216, 217]
[201, 218, 198]
[201, 212, 219]
[201, 219, 218]
[214, 215, 220]
[215, 221, 220]
[214, 222, 216]
[214, 220, 222]
[216, 223, 217]
[216, 222, 223]
[222, 220, 224]
[222, 224, 223]
[220, 221, 225]
[220, 225, 224]
[217, 226, 213]
[217, 223, 226]
[213, 227, 212]
[213, 226, 227]
[212, 228, 219]
[212, 227, 228]
[218, 229, 198]
[198, 229, 196]
[196, 229, 197]
[229, 218, 230]
[218, 219, 230]
[219, 228, 231]
[219, 231, 230]
[230, 231, 232]
[231, 228, 233]
[233, 228, 234]
[234, 228, 235]
[228, 227, 235]
[235, 227, 236]
[227, 226, 236]
[226, 223, 237]
[226, 237, 236]
[236, 237, 238]
[223, 224, 239]
[223, 239, 237]
[237, 240, 238]
[237, 239, 240]
[238, 240, 241]
[224, 225, 242]
[224, 242, 239]
[239, 243, 240]
[239, 242, 243]
[240, 244, 241]
[240, 243, 244]
[241, 244, 245]
[231, 233, 232]
[197, 229, 232]
[232, 229, 230]
[243, 242, 246]
[243, 247, 244]
[243, 246, 247]
[244, 248, 245]
[244, 247, 248]
[245, 248, 249]
[242, 225, 250]
[242, 251, 246]
[242, 250, 251]
[247, 252, 248]
[248, 253, 249]
[248, 252, 253]
[247, 246, 254]
[247, 254, 252]
[246, 251, 255]
[246, 255, 254]
[253, 256, 249]
[249, 256, 257]
[257, 256, 258]
[258, 256, 259]
[256, 253, 260]
[253, 252, 260]
[256, 260, 259]
[259, 260, 261]
[260, 252, 262]
[252, 254, 262]
[260, 262, 261]
[262, 254, 263]
[254, 255, 263]
[262, 263, 261]
[261, 263, 264]
[255, 251, 265]
[255, 265, 263]
[263, 266, 264]
[263, 265, 266]
[264, 266, 267]
[267, 266, 268]
[266, 265, 269]
[266, 269, 268]
[268, 269, 270]
[251, 250, 271]
[251, 271, 265]
[265, 272, 269]
[265, 271, 272]
[269, 273, 270]
[269, 272, 273]
[270, 273, 274]
[250, 225, 275]
[225, 221, 275]
[250, 276, 271]
[250, 275, 276]
[272, 277, 278]
[272, 278, 273]
[272, 271, 277]
[277, 279, 278]
[271, 276, 279]
[271, 279, 277]
[276, 275, 280]
[276, 280, 279]
[279, 281, 278]
[279, 280, 281]
[278, 282, 273]
[273, 282, 274]
[278, 281, 282]
[274, 282, 283]
[282, 281, 284]
[282, 284, 283]
[283, 284, 285]
[281, 280, 286]
[281, 286, 284]
[284, 287, 285]
[284, 286, 287]
[285, 287, 288]
[280, 275, 289]
[275, 221, 289]
[280, 289, 286]
[286, 290, 287]
[286, 289, 290]
[289, 221, 291]
[289, 291, 290]
[221, 292, 291]
[287, 293, 288]
[287, 290, 293]
[290, 291, 294]
[290, 295, 293]
[290, 294, 295]
[293, 296, 288]
[288, 296, 297]
[293, 295, 298]
[293, 298, 296]
[295, 294, 299]
[295, 299, 298]
[294, 291, 300]
[294, 300, 299]
[291, 150, 300]
[296, 301, 297]
[297, 301, 302]
[296, 298, 303]
[296, 303, 301]
[298, 299, 304]
[298, 304, 303]
[299, 300, 305]
[299, 305, 304]
[304, 306, 303]
[304, 305, 306]
[303, 307, 301]
[303, 306, 307]
[301, 308, 302]
[301, 307, 308]
[302, 308, 309]
[308, 307, 310]
[308, 310, 309]
[309, 310, 311]
[311, 310, 312]
[307, 306, 313]
[307, 313, 310]
[310, 162, 312]
[310, 313, 162]
[162, 161, 312]
[162, 313, 142]
[142, 313, 145]
[313, 306, 145]
[145, 306, 147]
[306, 305, 147]
[147, 305, 149]
[149, 314, 150]
[314, 305, 300]
[314, 149, 305]
[314, 300, 150]
[315, 316, 317]
[317, 316, 318]
[316, 319, 318]
[317, 318, 320]
[318, 319, 321]
[319, 322, 321]
[318, 323, 320]
[318, 321, 323]
[320, 323, 324]
[321, 322, 325]
[322, 326, 325]
[321, 327, 323]
[321, 325, 327]
[323, 328, 324]
[323, 327, 328]
[324, 328, 329]
[325, 326, 330]
[325, 331, 327]
[325, 330, 331]
[327, 332, 328]
[327, 331, 332]
[328, 333, 329]
[328, 332, 333]
[329, 333, 334]
[331, 330, 335]
[331, 336, 332]
[331, 335, 336]
[332, 337, 333]
[332, 336, 337]
[333, 338, 334]
[333, 337, 338]
[330, 326, 339]
[330, 340, 335]
[330, 339, 340]
[339, 326, 341]
[326, 342, 341]
[339, 343, 340]
[336, 344, 337]
[337, 345, 338]
[337, 344, 345]
[336, 335, 346]
[336, 346, 344]
[335, 340, 347]
[335, 347, 346]
[340, 343, 348]
[340, 348, 347]
[343, 349, 348]
[338, 350, 334]
[334, 350, 351]
[351, 350, 33]
[33, 350, 34]
[350, 338, 352]
[338, 345, 352]
[350, 352, 34]
[34, 352, 36]
[345, 344, 353]
[345, 353, 352]
[352, 354, 36]
[352, 353, 354]
[36, 354, 39]
[344, 346, 355]
[344, 355, 353]
[353, 356, 354]
[353, 355, 356]
[354, 357, 39]
[354, 356, 357]
[39, 357, 43]
[346, 347, 358]
[346, 358, 355]
[355, 359, 356]
[355, 358, 359]
[356, 360, 357]
[356, 359, 360]
[357, 361, 43]
[357, 360, 361]
[43, 361, 48]
[347, 348, 362]
[347, 362, 358]
[358, 363, 359]
[358, 362, 363]
[359, 364, 360]
[359, 363, 364]
[360, 365, 361]
[360, 364, 365]
[361, 366, 48]
[361, 365, 366]
[48, 366, 66]
[348, 349, 367]
[348, 367, 362]
[362, 368, 363]
[362, 367, 368]
[363, 369, 364]
[363, 368, 369]
[364, 370, 365]
[364, 369, 370]
[365, 371, 366]
[365, 370, 371]
[366, 372, 66]
[366, 371, 372]
[66, 372, 68]
[367, 349, 373]
[367, 374, 368]
[367, 373, 374]
[368, 375, 369]
[368, 374, 375]
[369, 376, 370]
[369, 375, 376]
[370, 377, 371]
[370, 376, 377]
[371, 378, 372]
[371, 377, 378]
[372, 379, 68]
[372, 378, 379]
[68, 379, 76]
[374, 373, 380]
[374, 381, 375]
[374, 380, 381]
[375, 382, 376]
[375, 381, 382]
[376, 383, 377]
[376, 382, 383]
[377, 384, 378]
[377, 383, 384]
[378, 385, 379]
[378, 384, 385]
[379, 386, 76]
[379, 385, 386]
[76, 386, 84]
[84, 386, 85]
[386, 385, 387]
[386, 387, 85]
[385, 384, 388]
[385, 388, 387]
[373, 349, 389]
[389, 390, 373]
[373, 390, 380]
[390, 391, 380]
[380, 392, 381]
[380, 391, 392]
[381, 393, 382]
[381, 392, 393]
[382, 394, 383]
[382, 393, 394]
[383, 395, 384]
[383, 394, 395]
[394, 393, 396]
[394, 396, 395]
[393, 392, 397]
[393, 397, 396]
[392, 391, 398]
[392, 398, 397]
[391, 399, 398]
[384, 400, 388]
[384, 395, 400]
[389, 349, 401]
[349, 343, 401]
[401, 343, 402]
[387, 403, 85]
[85, 403, 104]
[387, 388, 404]
[387, 404, 403]
[388, 400, 405]
[388, 405, 404]
[397, 406, 396]
[397, 398, 407]
[397, 407, 406]
[398, 399, 408]
[398, 408, 407]
[407, 409, 406]
[407, 408, 409]
[399, 410, 408]
[408, 411, 409]
[408, 410, 411]
[410, 412, 411]
[412, 413, 411]
[411, 414, 409]
[411, 413, 414]
[413, 415, 414]
[395, 416, 400]
[400, 417, 405]
[400, 416, 417]
[395, 396, 418]
[395, 418, 416]
[396, 406, 419]
[396, 419, 418]
[418, 420, 416]
[418, 419, 420]
[403, 421, 104]
[104, 421, 123]
[403, 404, 422]
[403, 422, 421]
[404, 405, 423]
[404, 423, 422]
[405, 417, 424]
[405, 424, 423]
[409, 425, 426]
[409, 414, 425]
[409, 426, 406]
[406, 427, 419]
[406, 426, 427]
[414, 415, 428]
[414, 428, 425]
[415, 429, 428]
[416, 430, 431]
[416, 420, 430]
[416, 431, 417]
[417, 432, 424]
[417, 431, 432]
[424, 433, 423]
[424, 432, 433]
[423, 434, 422]
[423, 433, 434]
[422, 435, 421]
[422, 434, 435]
[421, 436, 123]
[421, 435, 436]
[123, 436, 139]
[419, 437, 420]
[419, 427, 438]
[419, 438, 437]
[427, 426, 439]
[427, 439, 438]
[426, 425, 440]
[426, 440, 439]
[425, 428, 441]
[425, 441, 440]
[440, 442, 439]
[440, 441, 442]
[428, 429, 443]
[428, 443, 441]
[441, 444, 442]
[441, 443, 444]
[429, 445, 443]
[443, 446, 444]
[443, 445, 446]
[445, 447, 446]
[433, 432, 448]
[433, 449, 434]
[433, 448, 449]
[434, 450, 435]
[434, 449, 450]
[435, 451, 436]
[435, 450, 451]
[450, 449, 452]
[450, 452, 451]
[436, 453, 139]
[436, 451, 453]
[451, 452, 454]
[451, 454, 453]
[139, 453, 158]
[453, 454, 455]
[453, 455, 158]
[158, 455, 160]
[438, 161, 437]
[438, 439, 456]
[438, 456, 161]
[161, 163, 437]
[437, 163, 420]
[163, 164, 420]
[420, 164, 430]
[164, 165, 430]
[430, 165, 431]
[431, 166, 432]
[431, 165, 166]
[166, 167, 432]
[432, 167, 448]
[167, 168, 448]
[448, 457, 449]
[448, 168, 457]
[168, 170, 457]
[449, 458, 452]
[449, 457, 458]
[457, 170, 459]
[457, 459, 458]
[458, 460, 452]
[458, 459, 460]
[452, 461, 454]
[452, 460, 461]
[454, 462, 455]
[454, 461, 462]
[461, 460, 463]
[461, 463, 462]
[455, 464, 160]
[455, 462, 464]
[462, 463, 465]
[462, 465, 464]
[160, 464, 179]
[464, 465, 466]
[464, 466, 179]
[179, 466, 181]
[181, 466, 182]
[466, 465, 467]
[465, 463, 467]
[466, 467, 182]
[182, 467, 184]
[463, 460, 468]
[463, 468, 467]
[467, 469, 184]
[467, 468, 469]
[460, 459, 470]
[460, 470, 468]
[468, 471, 469]
[468, 470, 471]
[469, 472, 184]
[469, 471, 472]
[184, 472, 190]
[190, 472, 191]
[472, 471, 191]
[191, 471, 192]
[471, 470, 192]
[192, 470, 193]
[193, 459, 170]
[459, 193, 470]
[341, 342, 473]
[342, 474, 473]
[474, 475, 476]
[474, 476, 473]
[476, 475, 477]
[475, 478, 477]
[477, 479, 476]
[476, 479, 473]
[477, 478, 480]
[473, 481, 341]
[473, 479, 482]
[473, 482, 481]
[481, 483, 341]
[341, 483, 339]
[339, 483, 343]
[483, 481, 484]
[483, 484, 343]
[343, 484, 402]
[402, 484, 485]
[484, 481, 486]
[481, 482, 486]
[484, 486, 485]
[485, 486, 487]
[486, 482, 488]
[486, 488, 487]
[487, 488, 489]
[482, 479, 490]
[482, 490, 488]
[488, 491, 489]
[489, 491, 492]
[488, 490, 493]
[488, 493, 491]
[491, 494, 492]
[492, 494, 495]
[491, 493, 496]
[491, 496, 494]
[493, 490, 497]
[493, 498, 496]
[493, 497, 498]
[494, 499, 495]
[495, 499, 500]
[494, 496, 501]
[494, 501, 499]
[496, 498, 502]
[496, 502, 501]
[490, 479, 503]
[479, 477, 503]
[477, 480, 503]
[503, 504, 490]
[490, 504, 497]
[503, 480, 504]
[499, 505, 500]
[500, 505, 506]
[499, 501, 507]
[499, 507, 505]
[501, 502, 508]
[501, 508, 507]
[507, 509, 505]
[507, 508, 509]
[505, 510, 506]
[505, 509, 510]
[502, 498, 511]
[502, 511, 508]
[498, 497, 512]
[498, 512, 511]
[497, 504, 513]
[497, 513, 512]
[504, 480, 514]
[504, 514, 513]
[480, 478, 514]
[514, 515, 513]
[515, 516, 513]
[513, 517, 512]
[513, 516, 517]
[517, 518, 512]
[512, 518, 511]
[511, 519, 508]
[511, 518, 519]
[518, 520, 519]
[508, 521, 509]
[508, 519, 521]
[519, 520, 522]
[519, 522, 521]
[520, 523, 522]
[509, 524, 510]
[509, 521, 524]
[521, 522, 525]
[521, 525, 524]
[522, 523, 526]
[522, 526, 525]
[523, 527, 526]
[514, 478, 515]
[510, 528, 506]
[510, 524, 529]
[510, 529, 528]
[525, 526, 530]
[526, 527, 531]
[526, 531, 530]
[527, 532, 531]
[525, 533, 524]
[525, 530, 533]
[524, 534, 529]
[524, 533, 534]
[531, 532, 535]
[531, 536, 530]
[531, 535, 536]
[530, 537, 533]
[530, 536, 537]
[533, 538, 534]
[533, 537, 538]
[529, 539, 528]
[529, 534, 540]
[529, 540, 539]
[534, 538, 541]
[534, 541, 540]
[538, 537, 542]
[538, 542, 541]
[537, 536, 543]
[537, 543, 542]
[536, 535, 544]
[536, 544, 543]
[543, 261, 542]
[543, 544, 261]
[261, 264, 542]
[542, 545, 541]
[542, 264, 545]
[264, 267, 545]
[267, 268, 545]
[545, 546, 541]
[545, 268, 546]
[268, 270, 546]
[541, 547, 540]
[541, 546, 547]
[546, 270, 548]
[546, 548, 547]
[270, 274, 548]
[261, 544, 259]
[544, 535, 549]
[535, 532, 549]
[544, 549, 259]
[259, 549, 258]
[258, 549, 257]
[257, 549, 532]
[539, 550, 528]
[539, 540, 551]
[539, 551, 550]
[540, 547, 552]
[540, 552, 551]
[552, 547, 553]
[547, 548, 553]
[552, 553, 551]
[551, 554, 550]
[551, 553, 554]
[553, 548, 555]
[548, 274, 555]
[553, 555, 554]
[274, 283, 555]
[555, 556, 554]
[555, 283, 556]
[283, 285, 556]
[554, 557, 550]
[554, 556, 557]
[556, 285, 558]
[556, 558, 557]
[285, 288, 558]
[550, 559, 528]
[550, 557, 559]
[557, 558, 560]
[557, 560, 559]
[558, 288, 561]
[558, 561, 560]
[528, 559, 506]
[559, 560, 562]
[559, 562, 506]
[506, 562, 563]
[560, 561, 564]
[560, 565, 562]
[560, 564, 565]
[561, 288, 566]
[288, 297, 566]
[561, 567, 564]
[561, 566, 567]
[564, 568, 565]
[564, 567, 568]
[565, 569, 562]
[565, 568, 569]
[562, 569, 447]
[566, 297, 570]
[297, 302, 570]
[566, 571, 567]
[566, 570, 571]
[567, 572, 568]
[567, 571, 572]
[568, 573, 569]
[568, 572, 573]
[572, 571, 574]
[572, 574, 573]
[571, 570, 575]
[571, 575, 574]
[570, 302, 576]
[570, 576, 575]
[302, 309, 576]
[576, 577, 575]
[576, 309, 577]
[309, 311, 577]
[311, 312, 577]
[575, 578, 574]
[575, 577, 578]
[577, 312, 456]
[577, 456, 578]
[456, 312, 161]
[456, 439, 578]
[578, 442, 574]
[578, 439, 442]
[442, 444, 574]
[574, 444, 573]
[444, 446, 573]
[573, 579, 569]
[579, 446, 447]
[579, 573, 446]
[579, 447, 569]
[232, 580, 197]
[197, 580, 195]
[195, 580, 581]
[195, 581, 50]
[50, 581, 10]
[10, 15, 50]
[10, 581, 6]
[581, 580, 582]
[581, 582, 6]
[582, 580, 583]
[580, 232, 583]
[232, 233, 583]
[582, 584, 6]
[582, 583, 584]
[583, 233, 585]
[583, 585, 584]
[233, 586, 585]
[6, 584, 3]
[585, 586, 587]
[586, 588, 587]
[585, 589, 584]
[585, 587, 589]
[584, 590, 3]
[584, 589, 590]
[589, 587, 591]
[589, 591, 590]
[587, 588, 592]
[587, 592, 591]
[590, 593, 3]
[3, 593, 1]
[590, 591, 594]
[590, 594, 593]
[591, 592, 595]
[591, 595, 594]
[593, 596, 1]
[1, 596, 597]
[597, 596, 598]
[598, 596, 599]
[599, 596, 600]
[593, 594, 601]
[593, 601, 596]
[596, 602, 600]
[596, 601, 602]
[594, 595, 603]
[594, 603, 601]
[601, 604, 602]
[601, 603, 604]
[602, 605, 600]
[602, 604, 605]
[600, 605, 606]
[606, 605, 607]
[592, 588, 608]
[588, 609, 608]
[592, 610, 595]
[592, 608, 610]
[595, 611, 603]
[595, 610, 611]
[603, 612, 604]
[603, 611, 612]
[604, 613, 605]
[604, 612, 613]
[612, 611, 614]
[612, 614, 613]
[605, 615, 607]
[605, 613, 615]
[613, 614, 616]
[613, 616, 615]
[615, 617, 607]
[615, 616, 617]
[616, 614, 618]
[616, 618, 617]
[607, 617, 619]
[617, 618, 620]
[617, 620, 619]
[619, 620, 621]
[618, 614, 622]
[618, 622, 620]
[620, 623, 621]
[620, 622, 623]
[621, 623, 624]
[614, 611, 625]
[614, 625, 622]
[622, 626, 623]
[622, 625, 626]
[623, 627, 624]
[623, 626, 627]
[624, 627, 628]
[611, 610, 629]
[611, 629, 625]
[625, 630, 626]
[625, 629, 630]
[626, 631, 627]
[626, 630, 631]
[627, 632, 628]
[627, 631, 632]
[628, 632, 633]
[610, 608, 634]
[610, 634, 629]
[629, 635, 630]
[629, 634, 635]
[630, 636, 631]
[630, 635, 636]
[631, 637, 632]
[631, 636, 637]
[632, 638, 633]
[632, 637, 638]
[633, 638, 639]
[639, 638, 640]
[640, 638, 641]
[638, 637, 641]
[641, 637, 642]
[637, 636, 642]
[642, 636, 643]
[643, 636, 644]
[636, 635, 644]
[644, 635, 645]
[635, 634, 645]
[645, 634, 646]
[634, 608, 646]
[646, 608, 609]
[609, 588, 647]
[647, 588, 586]
[586, 234, 647]
[234, 586, 233]
[642, 643, 648]
[643, 644, 649]
[643, 649, 648]
[649, 644, 650]
[649, 651, 648]
[649, 650, 652]
[649, 652, 651]
[650, 644, 653]
[644, 645, 653]
[650, 654, 652]
[650, 653, 655]
[650, 655, 654]
[653, 645, 656]
[645, 646, 656]
[653, 657, 655]
[653, 656, 657]
[654, 658, 652]
[654, 655, 659]
[654, 659, 658]
[655, 657, 660]
[655, 660, 659]
[652, 661, 651]
[652, 658, 662]
[652, 662, 661]
[657, 656, 663]
[657, 664, 660]
[657, 663, 664]
[659, 665, 658]
[658, 666, 662]
[658, 665, 666]
[662, 667, 661]
[662, 666, 667]
[661, 668, 651]
[661, 667, 668]
[659, 660, 669]
[659, 669, 665]
[660, 664, 670]
[660, 670, 669]
[656, 646, 671]
[646, 609, 671]
[656, 672, 663]
[656, 671, 672]
[666, 673, 674]
[666, 674, 667]
[666, 665, 673]
[673, 665, 675]
[665, 669, 675]
[675, 669, 676]
[669, 670, 676]
[667, 677, 668]
[667, 674, 677]
[677, 678, 668]
[668, 679, 651]
[668, 678, 679]
[678, 680, 679]
[680, 681, 679]
[679, 682, 651]
[679, 681, 682]
[651, 682, 648]
[648, 682, 642]
[642, 682, 641]
[682, 681, 641]
[641, 681, 640]
[664, 683, 684]
[664, 663, 683]
[664, 684, 670]
[670, 685, 676]
[670, 684, 685]
[676, 685, 686]
[663, 672, 687]
[663, 687, 683]
[683, 688, 684]
[683, 687, 688]
[684, 689, 685]
[684, 688, 689]
[685, 690, 686]
[685, 689, 690]
[686, 690, 691]
[688, 687, 692]
[688, 693, 689]
[688, 692, 693]
[689, 694, 690]
[689, 693, 694]
[693, 692, 695]
[693, 695, 694]
[690, 696, 691]
[690, 694, 696]
[694, 695, 697]
[694, 697, 696]
[695, 692, 698]
[695, 698, 697]
[692, 687, 699]
[692, 699, 698]
[687, 672, 700]
[687, 700, 699]
[672, 671, 700]
[691, 696, 701]
[696, 697, 702]
[696, 702, 701]
[701, 702, 703]
[697, 698, 704]
[697, 704, 702]
[702, 705, 703]
[702, 704, 705]
[703, 705, 706]
[706, 705, 707]
[705, 704, 708]
[705, 708, 707]
[707, 708, 709]
[704, 698, 710]
[704, 710, 708]
[708, 711, 709]
[708, 710, 711]
[709, 711, 712]
[698, 699, 713]
[698, 713, 710]
[713, 699, 714]
[699, 700, 714]
[700, 671, 715]
[700, 715, 714]
[711, 710, 716]
[710, 713, 716]
[711, 717, 712]
[711, 716, 717]
[716, 713, 718]
[713, 714, 718]
[714, 234, 718]
[716, 719, 717]
[716, 718, 719]
[718, 234, 720]
[718, 720, 719]
[719, 721, 717]
[719, 720, 721]
[717, 722, 712]
[717, 721, 722]
[722, 723, 712]
[722, 721, 723]
[721, 720, 724]
[721, 724, 723]
[234, 235, 720]
[720, 236, 724]
[720, 235, 236]
[236, 238, 724]
[724, 725, 723]
[724, 238, 725]
[238, 241, 725]
[723, 725, 726]
[725, 241, 727]
[725, 727, 726]
[726, 727, 728]
[241, 245, 727]
[727, 729, 728]
[727, 245, 729]
[728, 729, 730]
[729, 245, 731]
[729, 731, 730]
[730, 731, 732]
[732, 731, 257]
[257, 731, 249]
[249, 731, 245]
[714, 715, 234]
[234, 715, 647]
[671, 733, 715]
[715, 733, 647]
[647, 733, 609]
[609, 733, 671]
[734, 735, 736]
[736, 735, 737]
[736, 737, 738]
[738, 737, 739]
[737, 735, 739]
[739, 735, 740]
[478, 475, 741]
[475, 474, 741]
[474, 342, 742]
[474, 742, 741]
[742, 342, 322]
[322, 319, 742]
[742, 743, 741]
[742, 319, 743]
[322, 342, 326]
[743, 744, 741]
[741, 744, 478]
[478, 744, 515]
[743, 319, 745]
[743, 745, 744]
[744, 746, 515]
[744, 745, 746]
[515, 746, 747]
[319, 316, 745]
[746, 748, 749]
[746, 749, 747]
[746, 745, 748]
[745, 316, 750]
[745, 750, 748]
[748, 751, 749]
[748, 750, 751]
[747, 749, 752]
[749, 751, 753]
[749, 753, 752]
[750, 316, 754]
[316, 315, 754]
[750, 755, 751]
[750, 754, 755]
[751, 756, 753]
[751, 755, 756]
[754, 315, 757]
[315, 758, 757]
[758, 598, 757]
[598, 599, 757]
[599, 600, 757]
[754, 759, 755]
[754, 757, 759]
[757, 600, 760]
[757, 760, 759]
[755, 761, 756]
[755, 759, 761]
[759, 760, 762]
[759, 762, 761]
[760, 600, 763]
[760, 763, 762]
[600, 606, 763]
[606, 607, 763]
[753, 764, 752]
[753, 756, 765]
[753, 765, 764]
[756, 761, 766]
[756, 766, 765]
[761, 762, 767]
[761, 767, 766]
[762, 763, 768]
[762, 768, 767]
[767, 769, 766]
[767, 768, 769]
[763, 607, 770]
[763, 770, 768]
[768, 771, 769]
[768, 770, 771]
[770, 607, 772]
[770, 772, 771]
[771, 773, 769]
[771, 772, 773]
[607, 619, 772]
[772, 774, 773]
[772, 619, 774]
[619, 621, 774]
[773, 775, 769]
[773, 774, 775]
[774, 621, 776]
[774, 776, 775]
[621, 624, 776]
[769, 777, 766]
[769, 775, 777]
[775, 776, 778]
[775, 778, 777]
[776, 624, 779]
[776, 779, 778]
[624, 628, 779]
[766, 780, 765]
[766, 777, 780]
[777, 778, 781]
[777, 781, 780]
[778, 779, 782]
[778, 782, 781]
[779, 628, 783]
[779, 783, 782]
[628, 633, 783]
[765, 784, 764]
[765, 780, 784]
[780, 781, 785]
[780, 785, 784]
[781, 782, 786]
[781, 786, 785]
[782, 783, 787]
[782, 787, 786]
[783, 633, 788]
[783, 788, 787]
[633, 639, 788]
[639, 640, 788]
[788, 789, 787]
[788, 640, 789]
[789, 790, 787]
[787, 790, 786]
[790, 791, 786]
[786, 792, 785]
[786, 791, 792]
[792, 793, 785]
[785, 793, 784]
[784, 794, 764]
[784, 793, 794]
[794, 795, 764]
[764, 795, 752]
[795, 796, 752]
[752, 796, 747]
[796, 516, 747]
[747, 516, 515]
[640, 681, 789]
[681, 797, 789]
[789, 797, 790]
[797, 798, 790]
[790, 798, 791]
[798, 797, 799]
[798, 800, 791]
[798, 799, 800]
[791, 800, 792]
[800, 799, 801]
[800, 802, 792]
[800, 801, 802]
[802, 803, 792]
[792, 803, 793]
[802, 801, 804]
[802, 805, 803]
[802, 804, 805]
[803, 806, 793]
[793, 806, 794]
[803, 805, 807]
[803, 807, 806]
[804, 801, 808]
[804, 809, 805]
[804, 808, 809]
[805, 810, 807]
[805, 809, 810]
[801, 799, 811]
[801, 812, 808]
[801, 811, 812]
[807, 813, 806]
[807, 810, 814]
[807, 814, 813]
[809, 808, 815]
[808, 812, 816]
[808, 816, 815]
[812, 811, 817]
[812, 817, 816]
[811, 799, 818]
[811, 818, 817]
[799, 797, 819]
[799, 819, 818]
[797, 681, 819]
[681, 680, 819]
[819, 678, 818]
[819, 680, 678]
[678, 677, 818]
[818, 677, 817]
[817, 674, 816]
[817, 677, 674]
[674, 673, 816]
[816, 673, 815]
[673, 675, 815]
[815, 820, 809]
[809, 820, 810]
[815, 675, 820]
[675, 676, 820]
[820, 821, 810]
[810, 821, 814]
[820, 676, 821]
[806, 822, 794]
[794, 822, 795]
[806, 813, 823]
[806, 823, 822]
[814, 824, 813]
[813, 825, 823]
[813, 824, 825]
[823, 826, 822]
[823, 825, 826]
[814, 821, 827]
[814, 827, 824]
[824, 828, 825]
[824, 827, 828]
[821, 676, 829]
[821, 829, 827]
[827, 830, 828]
[827, 829, 830]
[676, 686, 829]
[829, 831, 830]
[829, 686, 831]
[686, 691, 831]
[822, 832, 795]
[795, 832, 796]
[796, 832, 833]
[822, 826, 833]
[822, 833, 832]
[825, 828, 834]
[828, 830, 835]
[828, 835, 834]
[830, 831, 836]
[830, 836, 835]
[835, 837, 834]
[835, 836, 837]
[831, 691, 838]
[831, 838, 836]
[836, 839, 837]
[836, 838, 839]
[837, 840, 834]
[837, 839, 840]
[834, 841, 825]
[825, 841, 826]
[834, 840, 841]
[826, 842, 833]
[826, 841, 842]
[842, 516, 833]
[833, 516, 796]
[842, 841, 843]
[841, 840, 843]
[843, 840, 844]
[840, 839, 845]
[840, 845, 844]
[839, 838, 846]
[839, 846, 845]
[838, 691, 701]
[838, 701, 846]
[701, 703, 846]
[846, 847, 845]
[846, 703, 847]
[703, 706, 847]
[706, 707, 847]
[847, 848, 845]
[845, 848, 844]
[847, 707, 848]
[707, 709, 848]
[848, 849, 844]
[848, 709, 849]
[709, 712, 849]
[849, 850, 844]
[844, 850, 843]
[849, 712, 851]
[849, 851, 850]
[850, 852, 843]
[843, 852, 842]
[842, 852, 516]
[850, 851, 853]
[850, 853, 852]
[852, 854, 516]
[852, 853, 854]
[853, 851, 855]
[853, 855, 854]
[851, 712, 856]
[851, 856, 855]
[856, 712, 723]
[856, 723, 855]
[855, 857, 854]
[855, 723, 857]
[516, 854, 517]
[517, 854, 518]
[854, 857, 518]
[518, 857, 520]
[857, 723, 858]
[857, 858, 520]
[520, 858, 523]
[723, 726, 858]
[858, 859, 523]
[858, 726, 859]
[726, 728, 859]
[523, 859, 527]
[859, 728, 860]
[859, 860, 527]
[728, 730, 860]
[860, 861, 527]
[860, 730, 861]
[730, 732, 861]
[732, 257, 861]
[861, 532, 527]
[532, 861, 257]
[862, 863, 864]
[863, 865, 864]
[863, 866, 865]
[865, 867, 864]
[865, 866, 867]
[867, 868, 864]
[869, 870, 871]
[869, 872, 870]
[870, 873, 871]
[871, 873, 740]
[740, 873, 739]
[739, 873, 738]
[873, 870, 738]
[870, 872, 874]
[870, 874, 738]
[738, 874, 736]
[736, 874, 734]
[734, 874, 872]
[875, 876, 877]
[875, 877, 878]
[878, 877, 879]
[878, 879, 862]
[862, 879, 863]
[863, 879, 866]
[879, 877, 866]
[877, 876, 880]
[877, 880, 866]
[866, 880, 867]
[867, 880, 868]
[868, 880, 876]
[881, 882, 883]
[881, 883, 884]
[884, 883, 885]
[884, 885, 886]
[883, 882, 887]
[883, 888, 885]
[883, 887, 888]
[887, 882, 889]
[887, 889, 888]
[882, 890, 889]
[890, 891, 889]
[889, 892, 888]
[892, 889, 891]
[885, 893, 886]
[885, 888, 893]
[888, 892, 893]
[893, 891, 886]
[891, 893, 892]
[894, 895, 896]
[894, 897, 895]
[895, 898, 896]
[895, 897, 899]
[897, 900, 899]
[895, 901, 898]
[895, 899, 901]
[899, 900, 902]
[899, 902, 901]
[900, 903, 902]
[902, 904, 901]
[904, 902, 903]
[898, 905, 896]
[898, 901, 905]
[901, 904, 905]
[904, 903, 905]
[905, 906, 896]
[906, 905, 903]
[961, 962, 963]
[963, 962, 964]
[962, 965, 964]
[963, 964, 966]
[964, 965, 967]
[965, 968, 967]
[964, 969, 966]
[964, 967, 969]
[966, 969, 970]
[967, 968, 971]
[968, 972, 971]
[967, 973, 969]
[967, 971, 973]
[969, 974, 970]
[969, 973, 974]
[971, 972, 975]
[972, 976, 975]
[971, 977, 973]
[971, 975, 977]
[973, 978, 974]
[973, 977, 978]
[975, 976, 979]
[976, 980, 979]
[975, 981, 977]
[975, 979, 981]
[977, 982, 978]
[977, 981, 982]
[978, 983, 974]
[978, 982, 983]
[983, 984, 974]
[974, 984, 970]
[970, 984, 985]
[983, 982, 986]
[979, 980, 987]
[979, 988, 981]
[979, 987, 988]
[981, 989, 982]
[981, 988, 989]
[982, 990, 986]
[982, 989, 990]
[986, 990, 991]
[988, 987, 992]
[988, 993, 989]
[988, 992, 993]
[989, 994, 990]
[989, 993, 994]
[987, 980, 995]
[980, 996, 995]
[987, 997, 992]
[987, 995, 997]
[992, 998, 993]
[992, 997, 998]
[993, 999, 994]
[993, 998, 999]
[994, 1000, 990]
[994, 999, 1000]
[990, 1001, 991]
[990, 1000, 1001]
[991, 1001, 1002]
[995, 996, 1003]
[996, 1004, 1003]
[995, 1005, 997]
[995, 1003, 1005]
[997, 1006, 998]
[997, 1005, 1006]
[998, 1007, 999]
[998, 1006, 1007]
[999, 1008, 1000]
[999, 1007, 1008]
[1003, 1004, 1009]
[1004, 1010, 1009]
[1003, 1011, 1005]
[1003, 1009, 1011]
[1000, 1012, 1001]
[1000, 1008, 1013]
[1000, 1013, 1012]
[1007, 1006, 1014]
[1007, 1015, 1008]
[1007, 1014, 1015]
[1008, 1016, 1013]
[1008, 1015, 1016]
[1005, 1011, 1017]
[1005, 1018, 1006]
[1005, 1017, 1018]
[1006, 1019, 1014]
[1006, 1018, 1019]
[1018, 1017, 1020]
[1018, 1020, 1019]
[1009, 1010, 1021]
[1010, 1022, 1021]
[1009, 1023, 1011]
[1009, 1021, 1023]
[1011, 1024, 1017]
[1011, 1023, 1024]
[1017, 1025, 1020]
[1017, 1024, 1025]
[1001, 1026, 1002]
[1002, 1026, 1027]
[1001, 1012, 1028]
[1001, 1028, 1026]
[1013, 1029, 1012]
[1012, 1030, 1028]
[1012, 1029, 1030]
[1013, 1016, 1031]
[1013, 1031, 1029]
[1015, 1014, 1032]
[1014, 1019, 1033]
[1014, 1033, 1032]
[1019, 1020, 1034]
[1019, 1034, 1033]
[1020, 1025, 1035]
[1020, 1035, 1034]
[1015, 1036, 1016]
[1015, 1032, 1036]
[1016, 1037, 1031]
[1016, 1036, 1037]
[1021, 1022, 1038]
[1022, 1039, 1038]
[1021, 1040, 1023]
[1021, 1038, 1040]
[1023, 1041, 1024]
[1023, 1040, 1041]
[1024, 1042, 1025]
[1024, 1041, 1042]
[1025, 1043, 1035]
[1025, 1042, 1043]
[1026, 1044, 1027]
[1027, 1044, 1045]
[1026, 1028, 1046]
[1026, 1046, 1044]
[1028, 1030, 1047]
[1028, 1047, 1046]
[1029, 1048, 1049]
[1029, 1031, 1048]
[1029, 1049, 1030]
[1030, 1050, 1047]
[1030, 1049, 1050]
[1031, 1037, 1051]
[1031, 1051, 1048]
[1036, 1032, 1052]
[1036, 1053, 1037]
[1036, 1052, 1053]
[1037, 1054, 1051]
[1037, 1053, 1054]
[1038, 1039, 1055]
[1039, 1056, 1055]
[1038, 1057, 1040]
[1038, 1055, 1057]
[1055, 1056, 1058]
[1055, 1058, 1057]
[1056, 1059, 1058]
[1046, 1060, 1044]
[1046, 1047, 1061]
[1046, 1061, 1060]
[1047, 1050, 1062]
[1047, 1062, 1061]
[1061, 1063, 1060]
[1061, 1062, 1063]
[1050, 1049, 1064]
[1050, 1064, 1062]
[1064, 1049, 1065]
[1049, 1048, 1065]
[1065, 1048, 1066]
[1048, 1051, 1066]
[1066, 1051, 1067]
[1051, 1054, 1067]
[1067, 1054, 1068]
[1054, 1053, 1069]
[1054, 1069, 1068]
[1068, 1069, 1070]
[1053, 1052, 1071]
[1053, 1071, 1069]
[1069, 1072, 1070]
[1069, 1071, 1072]
[1071, 1052, 1073]
[1071, 1073, 1072]
[1070, 1072, 1074]
[1074, 1072, 1075]
[1072, 1073, 1076]
[1072, 1076, 1075]
[1075, 1076, 1077]
[1076, 1073, 1078]
[1076, 1078, 1077]
[1077, 1078, 1079]
[1064, 1080, 1062]
[1062, 1081, 1063]
[1062, 1080, 1081]
[1080, 1082, 1081]
[1082, 1083, 1081]
[1073, 1052, 1084]
[1052, 1032, 1084]
[1032, 1033, 1084]
[1073, 1085, 1078]
[1073, 1084, 1085]
[1084, 1033, 1086]
[1084, 1086, 1085]
[1033, 1034, 1086]
[1078, 1087, 1079]
[1078, 1085, 1087]
[1085, 1086, 1088]
[1085, 1088, 1087]
[1086, 1034, 1089]
[1086, 1089, 1088]
[1034, 1035, 1089]
[1079, 1087, 1090]
[1087, 1088, 1091]
[1087, 1091, 1090]
[1088, 1089, 1092]
[1088, 1092, 1091]
[1089, 1035, 1093]
[1089, 1093, 1092]
[1035, 1043, 1093]
[1093, 1094, 1092]
[1093, 1043, 1094]
[1092, 1095, 1091]
[1092, 1094, 1095]
[1091, 1096, 1090]
[1091, 1095, 1096]
[1090, 1096, 1097]
[1097, 1096, 1098]
[1081, 1099, 1063]
[1081, 1083, 1100]
[1081, 1100, 1099]
[1095, 1094, 1101]
[1095, 1102, 1096]
[1095, 1101, 1102]
[1096, 1103, 1098]
[1096, 1102, 1103]
[1103, 1104, 1098]
[1103, 1102, 1104]
[1098, 1104, 1105]
[1104, 1102, 1106]
[1104, 1106, 1105]
[1105, 1106, 1107]
[1102, 1101, 1108]
[1102, 1108, 1106]
[1106, 1109, 1107]
[1106, 1108, 1109]
[1108, 1101, 1110]
[1101, 1094, 1110]
[1108, 1110, 1109]
[1094, 1043, 1111]
[1094, 1111, 1110]
[1043, 1042, 1111]
[1107, 1109, 1112]
[1109, 1110, 1113]
[1109, 1113, 1112]
[1110, 1111, 1114]
[1110, 1114, 1113]
[1113, 1115, 1112]
[1113, 1114, 1115]
[1111, 1042, 1116]
[1111, 1116, 1114]
[1114, 1117, 1115]
[1114, 1116, 1117]
[1042, 1041, 1116]
[1116, 1118, 1117]
[1116, 1041, 1118]
[1041, 1040, 1118]
[1040, 1057, 1118]
[1118, 1119, 1117]
[1117, 1119, 1115]
[1118, 1057, 1119]
[1057, 1058, 1119]
[1115, 1120, 1112]
[1115, 1119, 1120]
[1119, 1058, 1121]
[1119, 1121, 1120]
[1120, 1122, 1112]
[1120, 1121, 1122]
[1122, 1121, 1059]
[1059, 1121, 1058]
[1044, 1123, 1045]
[1045, 1123, 1124]
[1124, 1123, 1125]
[1124, 1125, 1126]
[1123, 1044, 1127]
[1123, 1128, 1125]
[1123, 1127, 1128]
[1125, 1129, 1126]
[1126, 1129, 1130]
[1125, 1128, 1131]
[1125, 1131, 1129]
[1128, 1127, 1132]
[1128, 1133, 1131]
[1128, 1132, 1133]
[1127, 1044, 1134]
[1044, 1060, 1134]
[1127, 1135, 1132]
[1127, 1134, 1135]
[1131, 1136, 1129]
[1131, 1133, 1137]
[1131, 1137, 1136]
[1132, 1135, 1138]
[1132, 1139, 1133]
[1132, 1138, 1139]
[1133, 1140, 1137]
[1133, 1139, 1140]
[1134, 1060, 1141]
[1060, 1063, 1141]
[1134, 1142, 1135]
[1134, 1141, 1142]
[1135, 1143, 1138]
[1135, 1142, 1143]
[1142, 1141, 1144]
[1142, 1144, 1143]
[1141, 1063, 1145]
[1141, 1145, 1144]
[1063, 1099, 1145]
[1129, 1146, 1130]
[1130, 1146, 1147]
[1147, 1146, 1148]
[1129, 1136, 1149]
[1129, 1149, 1146]
[1137, 1150, 1151]
[1137, 1140, 1150]
[1137, 1151, 1136]
[1136, 1152, 1149]
[1136, 1151, 1152]
[1139, 1153, 1154]
[1139, 1138, 1153]
[1139, 1154, 1140]
[1140, 1155, 1150]
[1140, 1154, 1155]
[1153, 1138, 1156]
[1138, 1143, 1156]
[1156, 1143, 1157]
[1143, 1144, 1157]
[1157, 1144, 1158]
[1144, 1145, 1158]
[1158, 1145, 1159]
[1145, 1099, 1159]
[1159, 1099, 1160]
[1099, 1100, 1160]
[1160, 1100, 1161]
[1100, 1083, 1161]
[1083, 1162, 1161]
[1161, 1162, 1163]
[1163, 1162, 1164]
[1146, 1165, 1148]
[1148, 1165, 1166]
[1146, 1149, 1167]
[1146, 1167, 1165]
[1149, 1152, 1168]
[1149, 1168, 1167]
[1151, 1150, 1169]
[1150, 1155, 1170]
[1150, 1170, 1169]
[1155, 1171, 1170]
[1151, 1172, 1152]
[1151, 1169, 1172]
[1152, 1173, 1168]
[1152, 1172, 1173]
[1165, 1174, 1166]
[1166, 1174, 985]
[985, 1174, 970]
[1165, 1167, 1175]
[1165, 1175, 1174]
[1174, 1176, 970]
[1174, 1175, 1176]
[970, 1176, 966]
[1167, 1168, 1177]
[1167, 1177, 1175]
[1175, 1178, 1176]
[1175, 1177, 1178]
[1168, 1173, 1179]
[1168, 1179, 1177]
[1177, 1180, 1178]
[1177, 1179, 1180]
[1170, 1171, 1181]
[1171, 1182, 1181]
[1182, 1183, 1181]
[1170, 1184, 1169]
[1170, 1181, 1184]
[1181, 1183, 1185]
[1181, 1185, 1184]
[1183, 1186, 1185]
[1169, 1187, 1172]
[1169, 1184, 1187]
[1184, 1185, 1188]
[1184, 1188, 1187]
[1185, 1186, 1189]
[1185, 1189, 1188]
[1172, 1190, 1173]
[1172, 1187, 1190]
[1187, 1188, 1191]
[1187, 1191, 1190]
[1188, 1189, 1192]
[1188, 1192, 1191]
[1173, 1193, 1179]
[1173, 1190, 1193]
[1193, 1194, 1179]
[1179, 1194, 1180]
[1194, 1195, 1180]
[1180, 1196, 1178]
[1180, 1195, 1196]
[1195, 1197, 1196]
[1197, 1198, 1196]
[1178, 1199, 1176]
[1178, 1196, 1199]
[1196, 1198, 1200]
[1196, 1200, 1199]
[1198, 1201, 1200]
[1200, 1202, 1199]
[1200, 1201, 1202]
[1201, 961, 1202]
[961, 963, 1202]
[1202, 1203, 1199]
[1199, 1203, 1176]
[1202, 963, 1203]
[1203, 966, 1176]
[966, 1203, 963]
[1189, 1186, 1204]
[1186, 1205, 1204]
[1189, 1206, 1192]
[1189, 1204, 1206]
[1191, 1207, 1190]
[1190, 1207, 1193]
[1191, 1192, 1208]
[1191, 1208, 1207]
[1192, 1206, 1209]
[1192, 1209, 1208]
[1204, 1205, 1210]
[1205, 1211, 1210]
[1204, 1212, 1206]
[1204, 1210, 1212]
[1206, 1213, 1209]
[1206, 1212, 1213]
[1207, 1214, 1193]
[1193, 1214, 1194]
[1207, 1208, 1215]
[1207, 1215, 1214]
[1208, 1209, 1216]
[1208, 1216, 1215]
[1209, 1213, 1217]
[1209, 1217, 1216]
[1210, 1211, 1218]
[1211, 1219, 1218]
[1210, 1220, 1212]
[1210, 1218, 1220]
[1212, 1221, 1213]
[1212, 1220, 1221]
[1213, 1222, 1217]
[1213, 1221, 1222]
[1214, 1223, 1194]
[1194, 1223, 1195]
[1214, 1215, 1224]
[1214, 1224, 1223]
[1215, 1216, 1225]
[1215, 1225, 1224]
[1216, 1217, 1226]
[1216, 1226, 1225]
[1218, 1219, 1227]
[1219, 1228, 1227]
[1218, 1229, 1220]
[1218, 1227, 1229]
[1220, 1230, 1221]
[1220, 1229, 1230]
[1221, 1231, 1222]
[1221, 1230, 1231]
[1223, 1232, 1195]
[1195, 1232, 1197]
[1197, 1232, 1198]
[1223, 1224, 1233]
[1223, 1233, 1232]
[1224, 1225, 1234]
[1224, 1234, 1233]
[1225, 1226, 1235]
[1225, 1235, 1234]
[1217, 1222, 1236]
[1236, 1237, 1217]
[1217, 1237, 1226]
[1237, 1238, 1226]
[1226, 1239, 1235]
[1226, 1238, 1239]
[1239, 1240, 1235]
[1235, 1241, 1234]
[1235, 1240, 1241]
[1240, 1242, 1241]
[1242, 1243, 1241]
[1241, 1244, 1234]
[1234, 1244, 1233]
[1241, 1243, 1244]
[1243, 1245, 1244]
[1233, 1246, 1232]
[1233, 1244, 1246]
[1244, 1245, 1247]
[1244, 1247, 1246]
[1245, 1248, 1247]
[1247, 1249, 1246]
[1247, 1248, 1249]
[1248, 961, 1249]
[961, 1201, 1249]
[1249, 1250, 1246]
[1250, 1198, 1232]
[1250, 1249, 1201]
[1250, 1232, 1246]
[1250, 1201, 1198]
[1236, 1222, 1251]
[1222, 1231, 1251]
[1251, 1231, 1252]
[1252, 1231, 1253]
[1231, 1230, 1253]
[1252, 1253, 1254]
[1254, 1253, 1255]
[1254, 1255, 1256]
[1256, 1255, 1257]
[1256, 1257, 1258]
[1255, 1253, 1259]
[1255, 1260, 1257]
[1255, 1259, 1260]
[1253, 1230, 1261]
[1230, 1229, 1261]
[1253, 1262, 1259]
[1253, 1261, 1262]
[1259, 1263, 1260]
[1259, 1262, 1264]
[1259, 1264, 1263]
[1261, 1229, 1265]
[1229, 1227, 1265]
[1261, 1266, 1262]
[1261, 1265, 1266]
[1265, 1227, 1267]
[1265, 1267, 1266]
[1227, 1228, 1267]
[1228, 1268, 1267]
[1267, 1269, 1266]
[1267, 1268, 1269]
[1268, 1270, 1269]
[1266, 1271, 1262]
[1262, 1271, 1264]
[1266, 1269, 1271]
[1269, 1270, 1272]
[1269, 1272, 1271]
[1270, 1273, 1272]
[1264, 1274, 1263]
[1264, 1271, 1274]
[1271, 1272, 1275]
[1271, 1275, 1274]
[1272, 1273, 1276]
[1272, 1276, 1275]
[1273, 1277, 1276]
[1276, 1083, 1275]
[1276, 1277, 1083]
[1083, 1082, 1275]
[1275, 1080, 1274]
[1275, 1082, 1080]
[1080, 1064, 1274]
[1274, 1278, 1263]
[1274, 1064, 1278]
[1263, 1279, 1260]
[1263, 1278, 1279]
[1278, 1064, 1280]
[1278, 1280, 1279]
[1064, 1065, 1280]
[1083, 1277, 1162]
[1277, 1281, 1162]
[1162, 1281, 1164]
[1279, 1282, 1260]
[1260, 1282, 1257]
[1279, 1280, 1283]
[1279, 1283, 1282]
[1280, 1065, 1284]
[1280, 1284, 1283]
[1065, 1066, 1284]
[1282, 1285, 1257]
[1282, 1283, 1286]
[1282, 1286, 1285]
[1283, 1284, 1287]
[1283, 1287, 1286]
[1284, 1066, 1288]
[1284, 1288, 1287]
[1066, 1067, 1288]
[1286, 1289, 1285]
[1286, 1287, 1290]
[1286, 1290, 1289]
[1287, 1288, 1291]
[1287, 1291, 1290]
[1288, 1067, 1292]
[1288, 1292, 1291]
[1067, 1068, 1292]
[1290, 1293, 1289]
[1290, 1291, 1294]
[1290, 1294, 1293]
[1291, 1292, 1295]
[1291, 1295, 1294]
[1292, 1068, 1296]
[1292, 1296, 1295]
[1068, 1070, 1296]
[1289, 1297, 1285]
[1289, 1293, 1298]
[1289, 1298, 1297]
[1294, 1295, 1299]
[1295, 1296, 1300]
[1295, 1300, 1299]
[1296, 1070, 1301]
[1296, 1301, 1300]
[1300, 1302, 1299]
[1300, 1301, 1302]
[1070, 1074, 1301]
[1074, 1075, 1301]
[1301, 1303, 1302]
[1301, 1075, 1303]
[1075, 1077, 1303]
[1303, 1304, 1302]
[1303, 1077, 1304]
[1077, 1079, 1304]
[1294, 1305, 1293]
[1294, 1299, 1305]
[1299, 1302, 1306]
[1299, 1306, 1305]
[1302, 1304, 1307]
[1302, 1307, 1306]
[1304, 1079, 1308]
[1304, 1308, 1307]
[1079, 1090, 1308]
[1293, 1309, 1298]
[1293, 1305, 1309]
[1305, 1306, 1310]
[1305, 1310, 1309]
[1306, 1307, 1311]
[1306, 1311, 1310]
[1307, 1308, 1312]
[1307, 1312, 1311]
[1308, 1090, 1313]
[1308, 1313, 1312]
[1298, 1314, 1297]
[1298, 1309, 1315]
[1298, 1315, 1314]
[1309, 1310, 1316]
[1309, 1316, 1315]
[1310, 1311, 1317]
[1310, 1317, 1316]
[1311, 1312, 1318]
[1311, 1318, 1317]
[1312, 1313, 1319]
[1312, 1319, 1318]
[1316, 1320, 1315]
[1316, 1317, 1321]
[1316, 1321, 1320]
[1317, 1318, 1322]
[1317, 1322, 1321]
[1318, 1319, 1323]
[1318, 1323, 1322]
[1313, 1090, 1324]
[1090, 1097, 1324]
[1097, 1098, 1324]
[1313, 1325, 1319]
[1313, 1324, 1325]
[1319, 1326, 1323]
[1319, 1325, 1326]
[1323, 1327, 1322]
[1323, 1326, 1327]
[1322, 1328, 1321]
[1322, 1327, 1328]
[1321, 1329, 1320]
[1321, 1328, 1329]
[1320, 1330, 1315]
[1320, 1329, 1330]
[1315, 1331, 1314]
[1315, 1330, 1331]
[1324, 1098, 1332]
[1324, 1333, 1325]
[1324, 1332, 1333]
[1332, 1098, 1334]
[1332, 1334, 1333]
[1098, 1105, 1334]
[1334, 1335, 1333]
[1334, 1105, 1335]
[1105, 1107, 1335]
[1325, 1336, 1326]
[1325, 1333, 1336]
[1333, 1335, 1337]
[1333, 1337, 1336]
[1336, 1338, 1326]
[1336, 1337, 1338]
[1337, 1335, 1339]
[1335, 1107, 1339]
[1337, 1339, 1338]
[1107, 1112, 1339]
[1339, 1340, 1338]
[1339, 1112, 1340]
[1326, 1341, 1327]
[1326, 1338, 1341]
[1338, 1340, 1342]
[1338, 1342, 1341]
[1340, 1112, 1343]
[1340, 1343, 1342]
[1327, 1344, 1328]
[1327, 1341, 1344]
[1341, 1342, 1345]
[1341, 1345, 1344]
[1342, 1343, 1346]
[1342, 1346, 1345]
[1328, 1347, 1329]
[1328, 1344, 1347]
[1344, 1345, 1348]
[1344, 1348, 1347]
[1345, 1346, 1349]
[1345, 1349, 1348]
[1346, 1343, 1350]
[1346, 1350, 1349]
[1343, 1112, 1351]
[1343, 1351, 1350]
[1112, 1122, 1351]
[1351, 1352, 1350]
[1351, 1122, 1352]
[1122, 1059, 1352]
[1352, 1353, 1350]
[1352, 1059, 1353]
[1059, 1056, 1353]
[1350, 1354, 1349]
[1350, 1353, 1354]
[1353, 1056, 1355]
[1353, 1355, 1354]
[1056, 1039, 1355]
[1355, 1356, 1354]
[1355, 1039, 1356]
[1039, 1022, 1356]
[1354, 1357, 1349]
[1349, 1357, 1348]
[1354, 1356, 1357]
[1356, 1022, 1358]
[1356, 1358, 1357]
[1357, 1359, 1348]
[1348, 1359, 1347]
[1357, 1358, 1359]
[1347, 1360, 1329]
[1347, 1359, 1360]
[1359, 1358, 1361]
[1359, 1361, 1360]
[1358, 1022, 1010]
[1358, 1010, 1361]
[1010, 1004, 1361]
[1361, 1362, 1360]
[1361, 1004, 1362]
[1004, 996, 1362]
[1360, 1330, 1329]
[1360, 1362, 1330]
[1362, 996, 1363]
[1362, 1363, 1330]
[1330, 1363, 1331]
[996, 980, 1363]
[1363, 1364, 1331]
[1363, 980, 1364]
[1364, 1365, 1331]
[1331, 1365, 1314]
[1364, 980, 1366]
[980, 976, 1366]
[1364, 1367, 1365]
[1364, 1366, 1367]
[1365, 1368, 1314]
[1365, 1367, 1368]
[1314, 1368, 1297]
[1366, 976, 1369]
[976, 972, 1369]
[1366, 1370, 1367]
[1366, 1369, 1370]
[1367, 1371, 1368]
[1367, 1370, 1371]
[1368, 1372, 1297]
[1368, 1371, 1372]
[1297, 1372, 1285]
[1372, 1371, 1373]
[1372, 1373, 1285]
[1285, 1373, 1257]
[1257, 1373, 1258]
[1258, 1373, 1374]
[1373, 1371, 1375]
[1371, 1370, 1375]
[1373, 1375, 1374]
[1374, 1375, 1376]
[1370, 1369, 1377]
[1370, 1377, 1375]
[1375, 1378, 1376]
[1375, 1377, 1378]
[1369, 972, 1379]
[1369, 1379, 1377]
[1377, 1380, 1378]
[1377, 1379, 1380]
[1378, 1381, 1376]
[1378, 1380, 1381]
[1376, 1381, 1382]
[972, 968, 1379]
[1379, 1383, 1380]
[1379, 968, 1383]
[968, 965, 1383]
[1380, 1384, 1381]
[1380, 1383, 1384]
[1383, 965, 1385]
[1383, 1385, 1384]
[965, 962, 1385]
[1381, 1243, 1382]
[1381, 1384, 1243]
[1243, 1242, 1382]
[1243, 1384, 1245]
[1384, 1385, 1245]
[1245, 1385, 1248]
[1385, 962, 1248]
[1248, 962, 961]
[985, 1386, 1166]
[1166, 1386, 1387]
[1386, 1388, 1387]
[1166, 1387, 1148]
[1387, 1388, 1389]
[1387, 1390, 1148]
[1387, 1389, 1391]
[1387, 1391, 1390]
[1389, 1388, 1392]
[1388, 1393, 1392]
[1389, 1394, 1391]
[1389, 1392, 1394]
[1390, 1395, 1148]
[1148, 1395, 1147]
[1390, 1391, 1396]
[1390, 1396, 1395]
[1391, 1394, 1397]
[1391, 1397, 1396]
[1392, 1393, 1398]
[1393, 1399, 1398]
[1392, 1400, 1394]
[1392, 1398, 1400]
[1394, 1401, 1397]
[1394, 1400, 1401]
[1395, 1402, 1147]
[1147, 1402, 1130]
[1395, 1396, 1403]
[1395, 1403, 1402]
[1396, 1397, 1404]
[1396, 1404, 1403]
[1397, 1401, 1405]
[1397, 1405, 1404]
[1398, 1399, 1406]
[1399, 1407, 1406]
[1398, 1408, 1400]
[1398, 1406, 1408]
[1400, 1409, 1401]
[1400, 1408, 1409]
[1401, 1410, 1405]
[1401, 1409, 1410]
[1402, 1411, 1130]
[1130, 1411, 1126]
[1402, 1403, 1412]
[1402, 1412, 1411]
[1403, 1404, 1413]
[1403, 1413, 1412]
[1404, 1405, 1414]
[1404, 1414, 1413]
[1405, 1410, 1415]
[1405, 1415, 1414]
[1406, 1407, 1416]
[1407, 1417, 1416]
[1417, 1418, 1416]
[1406, 1419, 1408]
[1406, 1416, 1419]
[1416, 1418, 1420]
[1416, 1420, 1419]
[1408, 1421, 1409]
[1408, 1419, 1421]
[1409, 1422, 1410]
[1409, 1421, 1422]
[1410, 1423, 1415]
[1410, 1422, 1423]
[1411, 1424, 1126]
[1126, 1424, 1124]
[1411, 1412, 1425]
[1411, 1425, 1424]
[1412, 1413, 1426]
[1412, 1426, 1425]
[1413, 1414, 1427]
[1413, 1427, 1426]
[1414, 1415, 1428]
[1414, 1428, 1427]
[1415, 1423, 1429]
[1415, 1429, 1428]
[1428, 1430, 1427]
[1428, 1429, 1430]
[1427, 1431, 1426]
[1427, 1430, 1431]
[1426, 1432, 1425]
[1426, 1431, 1432]
[1425, 1433, 1424]
[1425, 1432, 1433]
[1424, 1434, 1124]
[1424, 1433, 1434]
[1124, 1434, 1045]
[1420, 1418, 1435]
[1418, 1436, 1435]
[1420, 1437, 1419]
[1420, 1435, 1437]
[1435, 1438, 1437]
[1437, 1439, 1419]
[1419, 1439, 1421]
[1437, 1438, 1439]
[1438, 1440, 1439]
[1439, 1441, 1421]
[1421, 1441, 1422]
[1439, 1440, 1441]
[1440, 1442, 1441]
[1441, 1443, 1422]
[1422, 1443, 1423]
[1441, 1442, 1443]
[1442, 1444, 1443]
[1443, 1445, 1423]
[1423, 1445, 1429]
[1443, 1444, 1445]
[1444, 1446, 1445]
[1429, 1447, 1430]
[1429, 1445, 1447]
[1445, 1446, 1448]
[1445, 1448, 1447]
[1446, 1449, 1448]
[1430, 1450, 1431]
[1430, 1447, 1450]
[1447, 1448, 1451]
[1447, 1451, 1450]
[1448, 1449, 1452]
[1448, 1452, 1451]
[1449, 1453, 1452]
[1434, 1433, 1454]
[1434, 1455, 1045]
[1434, 1454, 1455]
[1045, 1455, 1027]
[1450, 1456, 1431]
[1431, 1456, 1432]
[1432, 1457, 1433]
[1433, 1457, 1454]
[1432, 1456, 1457]
[1450, 1451, 1458]
[1450, 1458, 1456]
[1456, 1459, 1457]
[1456, 1458, 1459]
[1457, 1460, 1454]
[1457, 1459, 1460]
[1454, 1461, 1455]
[1454, 1460, 1461]
[1455, 1462, 1027]
[1455, 1461, 1462]
[1461, 1460, 1463]
[1461, 1463, 1462]
[1460, 1459, 1464]
[1460, 1464, 1463]
[1459, 1458, 1465]
[1459, 1465, 1464]
[1027, 1462, 1002]
[1462, 1463, 1466]
[1462, 1466, 1002]
[1002, 1466, 991]
[991, 1466, 986]
[1466, 1463, 1467]
[1466, 1467, 986]
[986, 1467, 983]
[1463, 1464, 1468]
[1463, 1468, 1467]
[1467, 1469, 983]
[1467, 1468, 1469]
[983, 1469, 984]
[1464, 1465, 1470]
[1464, 1470, 1468]
[1468, 1471, 1469]
[1468, 1470, 1471]
[1469, 1472, 984]
[1469, 1471, 1472]
[984, 1472, 985]
[985, 1472, 1386]
[1472, 1471, 1473]
[1472, 1473, 1386]
[1386, 1473, 1388]
[1388, 1473, 1393]
[1471, 1470, 1474]
[1471, 1474, 1473]
[1473, 1475, 1393]
[1473, 1474, 1475]
[1393, 1475, 1399]
[1470, 1465, 1476]
[1470, 1476, 1474]
[1474, 1477, 1475]
[1474, 1476, 1477]
[1475, 1478, 1399]
[1475, 1477, 1478]
[1399, 1478, 1407]
[1465, 1458, 1479]
[1465, 1479, 1476]
[1476, 1480, 1477]
[1476, 1479, 1480]
[1477, 1481, 1478]
[1477, 1480, 1481]
[1478, 1482, 1407]
[1478, 1481, 1482]
[1407, 1482, 1417]
[1479, 1458, 1483]
[1458, 1451, 1483]
[1451, 1452, 1483]
[1479, 1484, 1480]
[1479, 1483, 1484]
[1483, 1452, 1485]
[1483, 1485, 1484]
[1452, 1453, 1485]
[1453, 1486, 1485]
[1485, 1487, 1484]
[1485, 1486, 1487]
[1486, 1488, 1487]
[1484, 1489, 1480]
[1480, 1489, 1481]
[1484, 1487, 1489]
[1487, 1488, 1490]
[1487, 1490, 1489]
[1489, 1491, 1481]
[1481, 1491, 1482]
[1489, 1490, 1491]
[1482, 1492, 1417]
[1482, 1491, 1492]
[1491, 1490, 1493]
[1491, 1493, 1492]
[1492, 1494, 1417]
[1492, 1493, 1494]
[1417, 1494, 1418]
[1418, 1494, 1436]
[1436, 1494, 1495]
[1494, 1493, 1495]
[1495, 1493, 1496]
[1496, 1493, 1497]
[1497, 1490, 1488]
[1490, 1497, 1493]
[1436, 1495, 1498]
[1498, 1495, 1499]
[1495, 1496, 1499]
[1498, 1499, 1500]
[1500, 1499, 1501]
[1499, 1496, 1502]
[1499, 1502, 1501]
[1501, 1502, 1503]
[1503, 1502, 1504]
[1502, 1496, 1505]
[1502, 1505, 1504]
[1504, 1505, 1506]
[1496, 1497, 1505]
[1505, 1507, 1506]
[1505, 1497, 1507]
[1497, 1488, 1507]
[1506, 1507, 1508]
[1507, 1488, 1509]
[1507, 1509, 1508]
[1508, 1509, 1510]
[1488, 1486, 1509]
[1509, 1511, 1510]
[1509, 1486, 1511]
[1486, 1453, 1511]
[1453, 1449, 1511]
[1511, 1512, 1510]
[1511, 1449, 1512]
[1510, 1512, 1513]
[1512, 1449, 1514]
[1449, 1446, 1514]
[1512, 1515, 1513]
[1512, 1514, 1515]
[1513, 1515, 1516]
[1516, 1515, 1517]
[1515, 1514, 1518]
[1515, 1518, 1517]
[1517, 1518, 1519]
[1514, 1446, 1520]
[1446, 1444, 1520]
[1514, 1521, 1518]
[1514, 1520, 1521]
[1518, 1522, 1519]
[1518, 1521, 1522]
[1521, 1520, 1523]
[1521, 1523, 1522]
[1520, 1444, 1524]
[1520, 1524, 1523]
[1523, 1525, 1522]
[1523, 1524, 1525]
[1444, 1442, 1524]
[1519, 1522, 1526]
[1522, 1525, 1527]
[1522, 1527, 1526]
[1526, 1527, 1528]
[1527, 1525, 1529]
[1527, 1529, 1528]
[1528, 1529, 1530]
[1525, 1524, 1531]
[1525, 1531, 1529]
[1529, 1532, 1530]
[1529, 1531, 1532]
[1524, 1442, 1533]
[1524, 1533, 1531]
[1531, 1534, 1532]
[1531, 1533, 1534]
[1533, 1442, 1535]
[1533, 1535, 1534]
[1534, 1536, 1532]
[1534, 1535, 1536]
[1532, 1537, 1530]
[1532, 1536, 1537]
[1530, 1537, 1538]
[1538, 1537, 1539]
[1537, 1536, 1540]
[1537, 1540, 1539]
[1539, 1540, 1541]
[1536, 1535, 1542]
[1536, 1542, 1540]
[1540, 1543, 1541]
[1540, 1542, 1543]
[1541, 1543, 1544]
[1535, 1442, 1440]
[1535, 1440, 1542]
[1542, 1438, 1543]
[1542, 1440, 1438]
[1543, 1545, 1544]
[1543, 1438, 1545]
[1438, 1435, 1545]
[1435, 1436, 1545]
[1545, 1498, 1544]
[1545, 1436, 1498]
[1498, 1500, 1544]
[1242, 1240, 1546]
[1546, 1240, 1547]
[1240, 1239, 1547]
[1546, 1547, 1548]
[1547, 1239, 1549]
[1547, 1550, 1548]
[1547, 1549, 1551]
[1547, 1551, 1550]
[1549, 1239, 1552]
[1239, 1238, 1552]
[1549, 1553, 1551]
[1549, 1552, 1553]
[1550, 1554, 1548]
[1548, 1554, 1555]
[1550, 1551, 1556]
[1550, 1556, 1554]
[1551, 1553, 1557]
[1551, 1557, 1556]
[1552, 1238, 1558]
[1238, 1237, 1558]
[1552, 1559, 1553]
[1552, 1558, 1559]
[1553, 1560, 1557]
[1553, 1559, 1560]
[1554, 1561, 1555]
[1555, 1561, 1562]
[1554, 1556, 1563]
[1554, 1563, 1561]
[1556, 1557, 1564]
[1556, 1564, 1563]
[1557, 1560, 1565]
[1557, 1565, 1564]
[1558, 1237, 1566]
[1237, 1236, 1566]
[1558, 1567, 1559]
[1558, 1566, 1567]
[1559, 1568, 1560]
[1559, 1567, 1568]
[1560, 1569, 1565]
[1560, 1568, 1569]
[1561, 1570, 1562]
[1562, 1570, 1571]
[1561, 1563, 1572]
[1561, 1572, 1570]
[1563, 1564, 1573]
[1563, 1573, 1572]
[1564, 1565, 1574]
[1564, 1574, 1573]
[1565, 1569, 1575]
[1565, 1575, 1574]
[1566, 1236, 1576]
[1236, 1251, 1576]
[1566, 1577, 1567]
[1566, 1576, 1577]
[1567, 1578, 1568]
[1567, 1577, 1578]
[1568, 1579, 1569]
[1568, 1578, 1579]
[1569, 1580, 1575]
[1569, 1579, 1580]
[1570, 1581, 1571]
[1571, 1581, 1582]
[1582, 1581, 1583]
[1570, 1572, 1584]
[1570, 1584, 1581]
[1581, 1585, 1583]
[1581, 1584, 1585]
[1572, 1573, 1586]
[1572, 1586, 1584]
[1573, 1574, 1587]
[1573, 1587, 1586]
[1574, 1575, 1588]
[1574, 1588, 1587]
[1575, 1580, 1589]
[1575, 1589, 1588]
[1580, 1579, 1590]
[1580, 1590, 1589]
[1579, 1578, 1591]
[1579, 1591, 1590]
[1578, 1577, 1592]
[1578, 1592, 1591]
[1577, 1576, 1593]
[1577, 1593, 1592]
[1576, 1251, 1594]
[1576, 1594, 1593]
[1251, 1252, 1594]
[1585, 1595, 1583]
[1583, 1595, 1596]
[1585, 1584, 1597]
[1585, 1597, 1595]
[1595, 1597, 1598]
[1597, 1584, 1599]
[1584, 1586, 1599]
[1597, 1599, 1598]
[1598, 1599, 1600]
[1599, 1586, 1601]
[1586, 1587, 1601]
[1599, 1601, 1600]
[1600, 1601, 1602]
[1601, 1587, 1603]
[1587, 1588, 1603]
[1601, 1603, 1602]
[1602, 1603, 1604]
[1603, 1588, 1605]
[1588, 1589, 1605]
[1603, 1605, 1604]
[1604, 1605, 1606]
[1589, 1590, 1607]
[1589, 1607, 1605]
[1605, 1608, 1606]
[1605, 1607, 1608]
[1606, 1608, 1609]
[1590, 1591, 1610]
[1590, 1610, 1607]
[1607, 1611, 1608]
[1607, 1610, 1611]
[1608, 1612, 1609]
[1608, 1611, 1612]
[1609, 1612, 1613]
[1594, 1614, 1593]
[1594, 1252, 1615]
[1594, 1615, 1614]
[1252, 1254, 1615]
[1610, 1591, 1616]
[1591, 1592, 1616]
[1592, 1593, 1617]
[1593, 1614, 1617]
[1592, 1617, 1616]
[1610, 1618, 1611]
[1610, 1616, 1618]
[1616, 1617, 1619]
[1616, 1619, 1618]
[1617, 1614, 1620]
[1617, 1620, 1619]
[1614, 1615, 1621]
[1614, 1621, 1620]
[1615, 1254, 1622]
[1615, 1622, 1621]
[1621, 1623, 1620]
[1621, 1622, 1623]
[1620, 1624, 1619]
[1620, 1623, 1624]
[1619, 1625, 1618]
[1619, 1624, 1625]
[1254, 1256, 1622]
[1622, 1626, 1623]
[1622, 1256, 1626]
[1256, 1258, 1626]
[1258, 1374, 1626]
[1626, 1627, 1623]
[1626, 1374, 1627]
[1374, 1376, 1627]
[1623, 1628, 1624]
[1623, 1627, 1628]
[1627, 1376, 1629]
[1627, 1629, 1628]
[1376, 1382, 1629]
[1624, 1630, 1625]
[1624, 1628, 1630]
[1628, 1629, 1631]
[1628, 1631, 1630]
[1629, 1382, 1632]
[1629, 1632, 1631]
[1382, 1242, 1632]
[1242, 1546, 1632]
[1632, 1633, 1631]
[1632, 1546, 1633]
[1546, 1548, 1633]
[1548, 1555, 1633]
[1631, 1634, 1630]
[1631, 1633, 1634]
[1633, 1555, 1635]
[1633, 1635, 1634]
[1555, 1562, 1635]
[1630, 1636, 1625]
[1630, 1634, 1636]
[1634, 1635, 1637]
[1634, 1637, 1636]
[1635, 1562, 1638]
[1635, 1638, 1637]
[1562, 1571, 1638]
[1625, 1639, 1618]
[1625, 1636, 1639]
[1636, 1637, 1640]
[1636, 1640, 1639]
[1637, 1638, 1641]
[1637, 1641, 1640]
[1638, 1571, 1642]
[1638, 1642, 1641]
[1571, 1582, 1642]
[1639, 1643, 1618]
[1618, 1643, 1611]
[1611, 1643, 1612]
[1639, 1640, 1644]
[1639, 1644, 1643]
[1643, 1645, 1612]
[1643, 1644, 1645]
[1612, 1645, 1613]
[1613, 1645, 1646]
[1645, 1644, 1647]
[1645, 1647, 1646]
[1646, 1647, 1648]
[1644, 1640, 1649]
[1640, 1641, 1649]
[1644, 1649, 1647]
[1647, 1650, 1648]
[1647, 1649, 1650]
[1649, 1641, 1651]
[1641, 1642, 1651]
[1649, 1651, 1650]
[1642, 1582, 1652]
[1642, 1652, 1651]
[1651, 1653, 1650]
[1651, 1652, 1653]
[1652, 1582, 1654]
[1652, 1654, 1653]
[1582, 1583, 1654]
[1583, 1596, 1654]
[1654, 1655, 1653]
[1654, 1596, 1655]
[1655, 1656, 1653]
[1653, 1657, 1650]
[1657, 1648, 1650]
[1657, 1653, 1656]
[1596, 1658, 1655]
[1655, 1658, 1659]
[1658, 1660, 1659]
[1660, 1661, 1659]
[1655, 1659, 1656]
[1659, 1661, 1662]
[1659, 1662, 1656]
[1661, 1663, 1662]
[1663, 1664, 1662]
[1662, 1665, 1656]
[1662, 1664, 1665]
[1664, 1666, 1665]
[1656, 1665, 1657]
[1665, 1666, 1667]
[1665, 1667, 1657]
[1657, 1667, 1648]
[1666, 1668, 1667]
[1667, 1669, 1648]
[1667, 1668, 1669]
[1668, 1670, 1669]
[1648, 1669, 1646]
[1669, 1670, 1671]
[1669, 1671, 1646]
[1646, 1671, 1613]
[1613, 1671, 1609]
[1671, 1670, 1672]
[1671, 1672, 1609]
[1670, 1673, 1672]
[1672, 1674, 1609]
[1609, 1674, 1606]
[1672, 1673, 1675]
[1672, 1675, 1674]
[1673, 1676, 1675]
[1676, 1677, 1675]
[1675, 1678, 1674]
[1675, 1677, 1678]
[1677, 1679, 1678]
[1674, 1680, 1606]
[1606, 1680, 1604]
[1674, 1678, 1681]
[1674, 1681, 1680]
[1678, 1679, 1682]
[1678, 1682, 1681]
[1681, 1683, 1680]
[1681, 1682, 1683]
[1680, 1684, 1604]
[1680, 1683, 1684]
[1683, 1682, 1685]
[1683, 1685, 1684]
[1604, 1684, 1602]
[1679, 1686, 1682]
[1682, 1687, 1685]
[1682, 1686, 1687]
[1686, 1688, 1687]
[1687, 1689, 1685]
[1687, 1688, 1689]
[1688, 1690, 1689]
[1685, 1691, 1684]
[1685, 1689, 1691]
[1689, 1690, 1692]
[1689, 1692, 1691]
[1684, 1693, 1602]
[1684, 1691, 1693]
[1691, 1692, 1694]
[1691, 1694, 1693]
[1693, 1695, 1602]
[1693, 1694, 1695]
[1694, 1692, 1696]
[1694, 1696, 1695]
[1692, 1690, 1697]
[1692, 1697, 1696]
[1690, 1698, 1697]
[1698, 1699, 1697]
[1697, 1700, 1696]
[1697, 1699, 1700]
[1699, 1701, 1700]
[1696, 1702, 1695]
[1696, 1700, 1702]
[1700, 1701, 1703]
[1700, 1703, 1702]
[1701, 1704, 1703]
[1695, 1600, 1602]
[1695, 1702, 1600]
[1600, 1702, 1598]
[1702, 1703, 1598]
[1703, 1704, 1705]
[1703, 1705, 1598]
[1598, 1705, 1595]
[1595, 1705, 1596]
[1596, 1705, 1658]
[1705, 1704, 1658]
[1658, 1704, 1660]
[1706, 1707, 1708]
[1706, 1708, 1709]
[1709, 1708, 1710]
[1709, 1710, 1711]
[1708, 1707, 1712]
[1707, 1713, 1712]
[1708, 1714, 1710]
[1708, 1712, 1714]
[1710, 1715, 1711]
[1711, 1715, 1716]
[1710, 1714, 1717]
[1710, 1717, 1715]
[1712, 1713, 1718]
[1713, 1719, 1718]
[1712, 1720, 1714]
[1712, 1718, 1720]
[1714, 1721, 1717]
[1714, 1720, 1721]
[1721, 1722, 1717]
[1721, 1720, 1722]
[1720, 1718, 1723]
[1720, 1723, 1722]
[1718, 1719, 1724]
[1718, 1724, 1723]
[1719, 1725, 1724]
[1725, 1726, 1724]
[1724, 1727, 1723]
[1724, 1726, 1727]
[1726, 1728, 1727]
[1728, 1729, 1727]
[1727, 1730, 1723]
[1723, 1730, 1722]
[1727, 1729, 1730]
[1722, 1731, 1717]
[1717, 1731, 1715]
[1722, 1730, 1731]
[1730, 1729, 1732]
[1730, 1732, 1731]
[1731, 1733, 1715]
[1715, 1733, 1716]
[1731, 1732, 1733]
[1716, 1733, 1725]
[1725, 1733, 1726]
[1733, 1732, 1726]
[1726, 1732, 1728]
[1728, 1732, 1729]
[1734, 1735, 1736]
[1734, 1736, 1737]
[1737, 1736, 1738]
[1737, 1738, 1739]
[1736, 1735, 1740]
[1735, 1741, 1740]
[1736, 1742, 1738]
[1736, 1740, 1742]
[1738, 1743, 1739]
[1739, 1743, 1744]
[1738, 1742, 1745]
[1738, 1745, 1743]
[1740, 1741, 1746]
[1741, 1747, 1746]
[1740, 1748, 1742]
[1740, 1746, 1748]
[1742, 1749, 1745]
[1742, 1748, 1749]
[1749, 1750, 1745]
[1749, 1748, 1750]
[1748, 1746, 1751]
[1748, 1751, 1750]
[1746, 1747, 1752]
[1746, 1752, 1751]
[1747, 1753, 1752]
[1753, 1754, 1752]
[1752, 1755, 1751]
[1752, 1754, 1755]
[1754, 1756, 1755]
[1756, 1757, 1755]
[1755, 1758, 1751]
[1751, 1758, 1750]
[1755, 1757, 1758]
[1750, 1759, 1745]
[1745, 1759, 1743]
[1750, 1758, 1759]
[1758, 1757, 1760]
[1758, 1760, 1759]
[1759, 1761, 1743]
[1743, 1761, 1744]
[1759, 1760, 1761]
[1744, 1761, 1753]
[1753, 1761, 1754]
[1761, 1760, 1754]
[1754, 1760, 1756]
[1756, 1760, 1757]
[1762, 1763, 1764]
[1762, 1764, 1765]
[1765, 1764, 1766]
[1765, 1766, 1767]
[1764, 1763, 1768]
[1763, 1769, 1768]
[1764, 1770, 1766]
[1764, 1768, 1770]
[1766, 1771, 1767]
[1767, 1771, 1772]
[1766, 1770, 1773]
[1766, 1773, 1771]
[1768, 1769, 1774]
[1769, 1775, 1774]
[1768, 1776, 1770]
[1768, 1774, 1776]
[1770, 1777, 1773]
[1770, 1776, 1777]
[1777, 1778, 1773]
[1777, 1776, 1778]
[1776, 1774, 1779]
[1776, 1779, 1778]
[1774, 1775, 1780]
[1774, 1780, 1779]
[1775, 1781, 1780]
[1781, 1782, 1780]
[1780, 1783, 1779]
[1780, 1782, 1783]
[1782, 1784, 1783]
[1784, 1785, 1783]
[1783, 1786, 1779]
[1779, 1786, 1778]
[1783, 1785, 1786]
[1778, 1787, 1773]
[1773, 1787, 1771]
[1778, 1786, 1787]
[1786, 1785, 1788]
[1786, 1788, 1787]
[1787, 1789, 1771]
[1771, 1789, 1772]
[1787, 1788, 1789]
[1772, 1789, 1781]
[1781, 1789, 1782]
[1789, 1788, 1782]
[1782, 1788, 1784]
[1784, 1788, 1785]
[1530, 1538, 1790]
[1530, 1790, 1528]
[1528, 1790, 1791]
[1528, 1791, 1526]
[1790, 1538, 1792]
[1538, 1539, 1792]
[1790, 1793, 1791]
[1790, 1792, 1793]
[1792, 1539, 1794]
[1792, 1794, 1793]
[1539, 1541, 1794]
[1794, 1795, 1793]
[1794, 1541, 1795]
[1791, 1796, 1526]
[1526, 1796, 1519]
[1791, 1793, 1797]
[1791, 1797, 1796]
[1796, 1798, 1519]
[1796, 1797, 1798]
[1519, 1798, 1517]
[1798, 1797, 1799]
[1798, 1799, 1517]
[1517, 1799, 1516]
[1799, 1797, 1800]
[1799, 1800, 1516]
[1516, 1800, 1513]
[1797, 1793, 1801]
[1797, 1801, 1800]
[1800, 1802, 1513]
[1800, 1801, 1802]
[1513, 1802, 1510]
[1802, 1801, 1803]
[1802, 1803, 1510]
[1793, 1795, 1804]
[1793, 1804, 1801]
[1801, 1805, 1803]
[1801, 1804, 1805]
[1803, 1806, 1510]
[1803, 1805, 1806]
[1510, 1806, 1508]
[1795, 1541, 1807]
[1795, 1807, 1804]
[1804, 1808, 1805]
[1804, 1807, 1808]
[1805, 1809, 1806]
[1805, 1808, 1809]
[1806, 1810, 1508]
[1806, 1809, 1810]
[1508, 1810, 1506]
[1810, 1809, 1811]
[1810, 1811, 1506]
[1506, 1811, 1504]
[1811, 1809, 1812]
[1811, 1812, 1504]
[1504, 1812, 1503]
[1809, 1808, 1813]
[1809, 1813, 1812]
[1812, 1814, 1503]
[1812, 1813, 1814]
[1813, 1808, 1815]
[1808, 1807, 1815]
[1813, 1815, 1814]
[1814, 1501, 1503]
[1814, 1815, 1501]
[1501, 1815, 1500]
[1500, 1815, 1544]
[1544, 1807, 1541]
[1807, 1544, 1815]
[1816, 1817, 1818]
[1816, 1819, 1817]
[1817, 1820, 1818]
[1818, 1820, 1821]
[1817, 1819, 1822]
[1819, 1823, 1822]
[1817, 1824, 1820]
[1817, 1822, 1824]
[1820, 1825, 1821]
[1821, 1825, 1826]
[1820, 1824, 1827]
[1820, 1827, 1825]
[1822, 1823, 1828]
[1823, 1829, 1828]
[1822, 1830, 1824]
[1822, 1828, 1830]
[1824, 1831, 1827]
[1824, 1830, 1831]
[1831, 1832, 1827]
[1831, 1830, 1832]
[1830, 1828, 1833]
[1830, 1833, 1832]
[1828, 1829, 1834]
[1828, 1834, 1833]
[1829, 1835, 1834]
[1835, 1836, 1834]
[1834, 1837, 1833]
[1834, 1836, 1837]
[1836, 1838, 1837]
[1838, 1839, 1837]
[1837, 1840, 1833]
[1833, 1840, 1832]
[1837, 1839, 1840]
[1832, 1841, 1827]
[1827, 1841, 1825]
[1832, 1840, 1841]
[1840, 1839, 1842]
[1840, 1842, 1841]
[1841, 1843, 1825]
[1825, 1843, 1826]
[1841, 1842, 1843]
[1826, 1843, 1835]
[1835, 1843, 1836]
[1843, 1842, 1836]
[1836, 1842, 1838]
[1838, 1842, 1839]
[1844, 1845, 1846]
[1844, 1847, 1845]
[1845, 1848, 1846]
[1846, 1848, 1849]
[1845, 1847, 1850]
[1847, 1851, 1850]
[1845, 1852, 1848]
[1845, 1850, 1852]
[1848, 1853, 1849]
[1849, 1853, 1854]
[1848, 1852, 1855]
[1848, 1855, 1853]
[1850, 1851, 1856]
[1851, 1857, 1856]
[1850, 1858, 1852]
[1850, 1856, 1858]
[1852, 1859, 1855]
[1852, 1858, 1859]
[1859, 1860, 1855]
[1859, 1858, 1860]
[1858, 1856, 1861]
[1858, 1861, 1860]
[1856, 1857, 1862]
[1856, 1862, 1861]
[1857, 1863, 1862]
[1863, 1864, 1862]
[1862, 1865, 1861]
[1862, 1864, 1865]
[1864, 1866, 1865]
[1866, 1867, 1865]
[1865, 1868, 1861]
[1861, 1868, 1860]
[1865, 1867, 1868]
[1860, 1869, 1855]
[1855, 1869, 1853]
[1860, 1868, 1869]
[1868, 1867, 1870]
[1868, 1870, 1869]
[1869, 1871, 1853]
[1853, 1871, 1854]
[1869, 1870, 1871]
[1854, 1871, 1863]
[1863, 1871, 1864]
[1871, 1870, 1864]
[1864, 1870, 1866]
[1866, 1870, 1867]
[1872, 1873, 1874]
[1872, 1875, 1873]
[1873, 1876, 1874]
[1874, 1876, 1877]
[1873, 1875, 1878]
[1875, 1879, 1878]
[1873, 1880, 1876]
[1873, 1878, 1880]
[1876, 1881, 1877]
[1877, 1881, 1882]
[1876, 1880, 1883]
[1876, 1883, 1881]
[1878, 1879, 1884]
[1879, 1885, 1884]
[1878, 1886, 1880]
[1878, 1884, 1886]
[1880, 1887, 1883]
[1880, 1886, 1887]
[1887, 1888, 1883]
[1887, 1886, 1888]
[1886, 1884, 1889]
[1886, 1889, 1888]
[1884, 1885, 1890]
[1884, 1890, 1889]
[1885, 1891, 1890]
[1891, 1892, 1890]
[1890, 1893, 1889]
[1890, 1892, 1893]
[1892, 1894, 1893]
[1894, 1895, 1893]
[1893, 1896, 1889]
[1889, 1896, 1888]
[1893, 1895, 1896]
[1888, 1897, 1883]
[1883, 1897, 1881]
[1888, 1896, 1897]
[1896, 1895, 1898]
[1896, 1898, 1897]
[1897, 1899, 1881]
[1881, 1899, 1882]
[1897, 1898, 1899]
[1882, 1899, 1891]
[1891, 1899, 1892]
[1899, 1898, 1892]
[1892, 1898, 1894]
[1894, 1898, 1895]
[1690, 1900, 1698]
[1690, 1688, 1900]
[1900, 1901, 1698]
[1698, 1901, 1699]
[1900, 1688, 1902]
[1688, 1686, 1902]
[1900, 1903, 1901]
[1900, 1902, 1903]
[1901, 1904, 1699]
[1901, 1903, 1904]
[1699, 1904, 1701]
[1904, 1903, 1905]
[1904, 1905, 1701]
[1902, 1686, 1906]
[1686, 1679, 1906]
[1902, 1907, 1903]
[1902, 1906, 1907]
[1906, 1679, 1908]
[1906, 1908, 1907]
[1679, 1677, 1908]
[1908, 1909, 1907]
[1908, 1677, 1909]
[1677, 1676, 1909]
[1909, 1910, 1907]
[1909, 1676, 1910]
[1676, 1673, 1910]
[1907, 1911, 1903]
[1907, 1910, 1911]
[1910, 1673, 1912]
[1910, 1912, 1911]
[1673, 1670, 1912]
[1912, 1913, 1911]
[1912, 1670, 1913]
[1903, 1914, 1905]
[1903, 1911, 1914]
[1911, 1913, 1915]
[1911, 1915, 1914]
[1913, 1670, 1916]
[1913, 1916, 1915]
[1670, 1668, 1916]
[1905, 1917, 1701]
[1905, 1914, 1917]
[1914, 1915, 1918]
[1914, 1918, 1917]
[1915, 1916, 1919]
[1915, 1919, 1918]
[1916, 1668, 1920]
[1916, 1920, 1919]
[1668, 1666, 1920]
[1920, 1921, 1919]
[1920, 1666, 1921]
[1666, 1664, 1921]
[1921, 1922, 1919]
[1921, 1664, 1922]
[1664, 1663, 1922]
[1919, 1923, 1918]
[1919, 1922, 1923]
[1922, 1663, 1924]
[1922, 1924, 1923]
[1923, 1925, 1918]
[1918, 1925, 1917]
[1923, 1924, 1925]
[1924, 1663, 1661]
[1924, 1661, 1925]
[1661, 1660, 1925]
[1925, 1704, 1917]
[1704, 1701, 1917]
[1704, 1925, 1660]
[1926, 1927, 1928]
[1927, 1929, 1930]
[1927, 1930, 1928]
[1929, 1931, 1930]
[1928, 1930, 1932]
[1929, 1933, 1931]
[1930, 1931, 1934]
[1930, 1934, 1932]
[1929, 1935, 1933]
[1931, 1936, 1934]
[1932, 1934, 1937]
[1935, 1938, 1933]
[1931, 1939, 1936]
[1931, 1933, 1939]
[1934, 1940, 1941]
[1934, 1941, 1937]
[1936, 1940, 1934]
[1936, 1939, 1940]
[1935, 1942, 1938]
[1933, 1943, 1939]
[1933, 1938, 1943]
[1941, 1944, 1945]
[1941, 1945, 1937]
[1941, 1940, 1944]
[1939, 1946, 1940]
[1940, 1946, 1944]
[1943, 1947, 1939]
[1939, 1947, 1946]
[1945, 1948, 1949]
[1937, 1945, 1950]
[1945, 1944, 1948]
[1945, 1949, 1950]
[1947, 1951, 1946]
[1944, 1952, 1948]
[1946, 1951, 1952]
[1946, 1952, 1944]
[1949, 1953, 1954]
[1950, 1949, 1955]
[1949, 1948, 1953]
[1949, 1954, 1955]
[1951, 1956, 1957]
[1948, 1952, 1957]
[1952, 1951, 1957]
[1948, 1957, 1953]
[1954, 1958, 1955]
[1956, 1959, 1957]
[1957, 1959, 1953]
[1954, 1960, 1961]
[1954, 1961, 1958]
[1953, 1959, 1960]
[1953, 1960, 1954]
[1956, 1962, 1959]
[1961, 1963, 1964]
[1958, 1961, 1965]
[1961, 1960, 1963]
[1961, 1964, 1965]
[1962, 1966, 1967]
[1960, 1959, 1967]
[1959, 1962, 1967]
[1960, 1967, 1963]
[1964, 1968, 1969]
[1965, 1964, 1970]
[1964, 1963, 1968]
[1964, 1969, 1970]
[1966, 1971, 1972]
[1963, 1967, 1972]
[1967, 1966, 1972]
[1963, 1972, 1968]
[1969, 1973, 1974]
[1970, 1969, 1975]
[1969, 1968, 1973]
[1969, 1974, 1975]
[1971, 1976, 1977]
[1968, 1972, 1977]
[1972, 1971, 1977]
[1968, 1977, 1973]
[1974, 1978, 1979]
[1975, 1974, 1980]
[1974, 1973, 1978]
[1974, 1979, 1980]
[1976, 1981, 1977]
[1973, 1977, 1981]
[1973, 1981, 1978]
[1979, 1982, 1980]
[1976, 1983, 1981]
[1978, 1981, 1984]
[1981, 1983, 1984]
[1979, 1985, 1982]
[1978, 1984, 1986]
[1983, 1987, 1984]
[1979, 1988, 1985]
[1978, 1986, 1989]
[1979, 1978, 1989]
[1979, 1989, 1988]
[1987, 1990, 1984]
[1984, 1990, 1986]
[1985, 1988, 1991]
[1989, 1992, 1988]
[1988, 1992, 1991]
[1990, 1993, 1986]
[1989, 1994, 1992]
[1991, 1992, 1995]
[1993, 1996, 1986]
[1989, 1986, 1996]
[1989, 1996, 1994]
[1992, 1997, 1995]
[1992, 1994, 1997]
[1993, 1998, 1996]
[1994, 1999, 1997]
[1994, 1996, 1999]
[1998, 2000, 1996]
[1996, 2000, 1999]
[2001, 2002, 2003]
[2002, 2004, 2003]
[2002, 2005, 2004]
[2003, 2004, 2006]
[2005, 2007, 2004]
[2006, 2004, 2008]
[2004, 2007, 2008]
[2005, 2009, 2007]
[2006, 2008, 2010]
[2009, 2011, 2007]
[2008, 2012, 2010]
[2009, 2013, 2014]
[2009, 2014, 2011]
[2007, 2015, 2008]
[2008, 2015, 2012]
[2010, 2012, 1926]
[2013, 2, 2014]
[2011, 2016, 2007]
[2015, 2017, 2018]
[2007, 2016, 2017]
[2007, 2017, 2015]
[2012, 2019, 2020]
[2015, 2018, 2019]
[2015, 2019, 2012]
[1926, 2021, 1927]
[2012, 2020, 2021]
[2012, 2021, 1926]
[2013, 5, 2]
[2014, 2022, 2011]
[2011, 2022, 2016]
[2017, 2023, 2018]
[2019, 2024, 2020]
[1927, 2021, 2025]
[2, 1, 2014]
[2014, 1, 2022]
[2016, 2026, 2017]
[2017, 2026, 2023]
[2018, 2023, 2027]
[2019, 2028, 2024]
[2018, 2028, 2019]
[2018, 2027, 2028]
[2020, 2024, 2029]
[1927, 2025, 1929]
[2021, 2030, 2025]
[2020, 2030, 2021]
[2020, 2029, 2030]
[1, 597, 2022]
[2016, 2031, 2026]
[2022, 597, 2031]
[2022, 2031, 2016]
[2023, 2026, 2032]
[2027, 2023, 2033]
[2023, 2032, 2033]
[2028, 2034, 2024]
[2028, 2027, 2034]
[1929, 2025, 2035]
[2029, 1153, 2030]
[597, 598, 2031]
[2026, 2036, 2032]
[2031, 598, 2036]
[2031, 2036, 2026]
[2033, 2037, 2027]
[2027, 2037, 2034]
[2024, 2038, 2039]
[2024, 2039, 2029]
[2024, 2034, 2038]
[1929, 2035, 1935]
[2025, 2040, 2035]
[2025, 2030, 2040]
[1153, 2029, 1154]
[2029, 2039, 1154]
[2032, 2041, 2033]
[598, 2042, 2036]
[2037, 2043, 2034]
[2034, 2043, 2038]
[1935, 2035, 2044]
[2030, 1153, 1156]
[2030, 1156, 2040]
[2039, 2038, 1171]
[1154, 2039, 1155]
[1155, 2039, 1171]
[2032, 2045, 2041]
[2036, 2042, 2045]
[2036, 2045, 2032]
[2033, 2041, 2046]
[2033, 2046, 2037]
[598, 758, 2042]
[2043, 1182, 2038]
[2038, 1182, 1171]
[1935, 2044, 1942]
[2035, 2040, 2047]
[2035, 2047, 2044]
[1156, 1157, 2040]
[2040, 1157, 2047]
[2045, 2048, 2041]
[2046, 2041, 2049]
[2041, 2048, 2049]
[2037, 2050, 2043]
[2037, 2046, 2050]
[758, 315, 2051]
[758, 2051, 2042]
[1182, 2043, 2052]
[2043, 2050, 2052]
[1942, 2053, 2054]
[1942, 2044, 2053]
[1157, 2055, 2047]
[2047, 2055, 2044]
[2045, 2056, 2048]
[2042, 2051, 2056]
[2042, 2056, 2045]
[2049, 2048, 2057]
[2046, 2049, 2058]
[2046, 2058, 2050]
[315, 2059, 2051]
[1182, 2052, 1183]
[2054, 2053, 2060]
[1157, 1158, 2055]
[2044, 2061, 2053]
[2044, 2055, 2061]
[2056, 2062, 2063]
[2056, 2063, 2048]
[2051, 2059, 2062]
[2051, 2062, 2056]
[2048, 2063, 2057]
[2049, 2064, 2058]
[2049, 2057, 2064]
[2050, 2065, 2052]
[2058, 2065, 2050]
[2058, 2064, 2065]
[315, 317, 2059]
[1183, 2052, 2066]
[2052, 2065, 2066]
[2054, 2060, 2067]
[1158, 1159, 2055]
[2055, 1159, 2061]
[2053, 2068, 2060]
[2062, 2069, 2063]
[2062, 2059, 2069]
[2057, 2063, 2070]
[2064, 2071, 2072]
[2064, 2072, 2065]
[2057, 2071, 2064]
[2057, 2070, 2071]
[317, 320, 2073]
[2073, 2069, 2059]
[2059, 317, 2073]
[1183, 2066, 1186]
[2067, 2060, 2074]
[1159, 1160, 2061]
[2053, 2075, 2068]
[2061, 1160, 2075]
[2061, 2075, 2053]
[2063, 2076, 2070]
[2072, 2077, 2065]
[2065, 2077, 2066]
[2071, 2078, 2079]
[2069, 2080, 2063]
[2063, 2080, 2076]
[1186, 2066, 1205]
[2066, 2077, 1205]
[2067, 2074, 2081]
[2060, 2068, 2082]
[2060, 2082, 2074]
[1160, 1161, 2075]
[2070, 2076, 2083]
[2072, 2071, 2079]
[2078, 2084, 2079]
[2080, 2085, 2076]
[2077, 1211, 1205]
[2081, 2074, 2086]
[2068, 2087, 2082]
[1161, 1163, 2075]
[2068, 1163, 2087]
[2068, 2075, 1163]
[2070, 2083, 2088]
[2088, 2078, 2071]
[2071, 2070, 2088]
[2072, 2089, 2077]
[2077, 2089, 1211]
[2072, 2079, 2089]
[2084, 2090, 2079]
[2079, 2090, 2089]
[2085, 2091, 2076]
[2076, 2091, 2083]
[2081, 2086, 2001]
[2074, 2092, 2093]
[2074, 2082, 2092]
[2074, 2093, 2086]
[2087, 1164, 2094]
[1164, 2087, 1163]
[1211, 2089, 1219]
[2084, 2095, 2090]
[2085, 2096, 2091]
[2001, 2086, 2002]
[2082, 2087, 2097]
[2087, 2094, 2097]
[2082, 2097, 2092]
[2093, 2092, 2098]
[2089, 2090, 2099]
[2089, 2099, 1219]
[2095, 2100, 2090]
[2090, 2100, 2099]
[2086, 2101, 2002]
[2086, 2093, 2101]
[2094, 2102, 2097]
[2092, 2103, 2098]
[2097, 2102, 2103]
[2097, 2103, 2092]
[1219, 2099, 1228]
[2095, 2104, 2100]
[2002, 2101, 2005]
[2093, 2105, 2106]
[2093, 2098, 2105]
[2093, 2106, 2101]
[2102, 2107, 2103]
[2099, 2100, 2108]
[2099, 2108, 1228]
[2104, 2109, 2100]
[2100, 2109, 2108]
[2005, 2110, 2009]
[2101, 2106, 2110]
[2101, 2110, 2005]
[2098, 2103, 2111]
[2103, 2107, 2111]
[2098, 2111, 2105]
[1228, 2108, 2112]
[2108, 2109, 2112]
[2104, 2113, 2109]
[2009, 2110, 2114]
[2106, 2115, 2110]
[2110, 2115, 2114]
[2107, 2116, 2111]
[2105, 2111, 2117]
[2111, 2116, 2117]
[1228, 2112, 1268]
[2113, 2118, 2119]
[2113, 2119, 2109]
[2009, 2114, 2013]
[2106, 2105, 2120]
[2105, 2117, 2120]
[2106, 2120, 2115]
[2116, 2121, 2117]
[2112, 2109, 2122]
[2109, 2119, 2122]
[1268, 2112, 1270]
[2112, 2122, 1270]
[2118, 2123, 2119]
[2114, 5, 2013]
[2120, 2117, 2124]
[2117, 2121, 2124]
[2115, 2120, 17]
[2122, 2125, 1273]
[2122, 1273, 1270]
[2122, 2119, 2125]
[2118, 2126, 2123]
[2114, 8, 5]
[2121, 2127, 2124]
[2115, 17, 12]
[12, 2114, 2115]
[2114, 12, 8]
[2120, 2124, 32]
[2120, 32, 17]
[1273, 2125, 1277]
[2119, 2123, 2128]
[2119, 2128, 2125]
[2126, 2129, 2123]
[2127, 33, 2124]
[2124, 33, 32]
[1277, 2125, 1281]
[2125, 2128, 1281]
[2126, 2130, 2129]
[2123, 2131, 2128]
[2123, 2129, 2131]
[1281, 2128, 2132]
[2128, 2131, 2132]
[2130, 2133, 2129]
[1281, 2132, 1164]
[2131, 2134, 2132]
[2130, 2096, 2133]
[2129, 2135, 2136]
[2129, 2136, 2131]
[2131, 2136, 2134]
[2129, 2133, 2135]
[1164, 2132, 2094]
[2132, 2134, 2094]
[2096, 2085, 2133]
[2136, 2137, 2138]
[2136, 2135, 2137]
[2136, 2138, 2134]
[2094, 2134, 2102]
[2134, 2138, 2102]
[2085, 2139, 2133]
[2133, 2139, 2135]
[2137, 2140, 2138]
[2102, 2138, 2107]
[2138, 2140, 2107]
[2085, 2080, 2139]
[2135, 2141, 2142]
[2135, 2142, 2137]
[2137, 2142, 2140]
[2135, 2139, 2141]
[2107, 2140, 2116]
[2080, 2069, 2143]
[2139, 2080, 2143]
[2139, 2143, 2141]
[2142, 2144, 2140]
[2140, 2144, 2116]
[2069, 2073, 2145]
[2069, 2145, 2143]
[2141, 2143, 2146]
[2143, 2145, 2146]
[2142, 2141, 2147]
[2141, 2146, 2147]
[2142, 2147, 2144]
[2116, 2144, 2121]
[2073, 320, 2145]
[2146, 329, 334]
[2146, 334, 2147]
[2146, 2145, 329]
[2144, 2147, 2148]
[2144, 2148, 2121]
[320, 324, 2145]
[2145, 324, 329]
[334, 351, 2147]
[2147, 351, 2148]
[2121, 2148, 2127]
[351, 33, 2148]
[2148, 33, 2127]
[2078, 2149, 2084]
[2149, 2150, 2084]
[2149, 2151, 2150]
[2084, 2150, 2095]
[2151, 2152, 2153]
[2151, 2153, 2150]
[2095, 2150, 2154]
[2150, 2153, 2154]
[2152, 2155, 2153]
[2095, 2154, 2156]
[2152, 2157, 2155]
[2153, 2158, 2159]
[2153, 2159, 2154]
[2153, 2155, 2158]
[2095, 2156, 2104]
[2152, 2160, 2157]
[2159, 2158, 2161]
[2154, 2159, 2161]
[2154, 2161, 2156]
[2155, 2157, 2162]
[2155, 2162, 2158]
[2104, 2156, 2163]
[2160, 2164, 2165]
[2160, 2165, 2157]
[2161, 2158, 2166]
[2158, 2162, 2166]
[2104, 2163, 2113]
[2156, 2167, 2163]
[2156, 2161, 2167]
[2164, 2168, 2165]
[2157, 2165, 2169]
[2157, 2169, 2162]
[2166, 2170, 2161]
[2161, 2170, 2167]
[2164, 2171, 2168]
[2165, 2168, 2172]
[2165, 2172, 2169]
[2162, 2169, 2173]
[2162, 2173, 2166]
[2170, 2166, 2174]
[2166, 2173, 2174]
[2171, 2175, 2168]
[2172, 2176, 2177]
[2173, 2169, 2177]
[2169, 2172, 2177]
[2173, 2177, 2174]
[2171, 2178, 2175]
[2168, 2175, 2179]
[2172, 2179, 2176]
[2172, 2168, 2179]
[2177, 2176, 2180]
[2177, 2180, 2174]
[2178, 2181, 2182]
[2178, 2182, 2175]
[2179, 2175, 2183]
[2175, 2182, 2183]
[2176, 2184, 2180]
[2181, 2185, 2186]
[2181, 2186, 2182]
[2179, 2183, 2187]
[2176, 2187, 2184]
[2176, 2179, 2187]
[2185, 2188, 2186]
[2182, 2186, 2189]
[2182, 2189, 2183]
[2184, 2187, 2190]
[2185, 2191, 2188]
[2186, 2192, 2189]
[2186, 2188, 2192]
[2183, 2189, 2193]
[2187, 2183, 2193]
[2187, 2193, 2190]
[2191, 2194, 2188]
[2192, 2188, 2195]
[2188, 2194, 2195]
[2189, 2192, 2196]
[2189, 2196, 2193]
[2190, 2193, 2197]
[2193, 2196, 2197]
[2191, 2198, 2194]
[2195, 2199, 2200]
[2192, 2200, 2196]
[2192, 2195, 2200]
[2197, 2196, 2201]
[2196, 2200, 2201]
[2198, 2202, 2194]
[2199, 2203, 2200]
[2200, 2203, 2201]
[2195, 2204, 2199]
[2202, 2205, 2206]
[2202, 2206, 2194]
[2203, 2199, 2207]
[2195, 2208, 2204]
[2194, 2206, 2208]
[2194, 2208, 2195]
[2205, 2209, 2206]
[2206, 2209, 2208]
[2199, 2210, 2207]
[2199, 2204, 2210]
[2205, 2211, 2209]
[2208, 2209, 2212]
[2204, 2213, 2210]
[2211, 2214, 2209]
[2209, 2214, 2212]
[2208, 2215, 2204]
[2204, 2215, 2213]
[2208, 2212, 2215]
[2214, 2216, 2212]
[2212, 2216, 2215]
[2213, 2215, 2217]
[2216, 2218, 2215]
[2215, 2218, 2217]
[2010, 2219, 2006]
[2010, 1926, 2219]
[2006, 2220, 2003]
[2006, 2219, 2220]
[1926, 1928, 2219]
[2003, 2220, 2221]
[1928, 2222, 2223]
[2219, 2224, 2220]
[2219, 1928, 2223]
[2219, 2223, 2224]
[2003, 2221, 2001]
[2222, 2225, 2223]
[2220, 2224, 2226]
[2220, 2226, 2221]
[1928, 1932, 2222]
[2001, 2221, 2227]
[2225, 2228, 2223]
[2223, 2228, 2224]
[2226, 2224, 2229]
[2224, 2228, 2229]
[1932, 1937, 2230]
[1932, 2230, 2222]
[2001, 2227, 2081]
[2221, 2226, 2231]
[2226, 2229, 2231]
[2221, 2231, 2227]
[2225, 2232, 2228]
[1937, 1950, 2233]
[1937, 2233, 2230]
[2222, 2234, 2225]
[2222, 2230, 2234]
[2081, 2235, 2067]
[2081, 2227, 2235]
[2229, 2236, 2237]
[2229, 2237, 2231]
[2228, 2232, 2236]
[2228, 2236, 2229]
[1950, 2238, 2233]
[2225, 2239, 2232]
[2225, 2234, 2239]
[2230, 2233, 2240]
[2230, 2240, 2234]
[2067, 2235, 2241]
[2227, 2231, 2242]
[2231, 2237, 2242]
[2236, 2232, 2243]
[1950, 1955, 2238]
[2239, 2244, 2232]
[2232, 2244, 2243]
[2233, 2245, 2240]
[2233, 2238, 2245]
[2234, 2240, 2246]
[2234, 2246, 2239]
[2067, 2241, 2054]
[2235, 2247, 2248]
[2235, 2227, 2247]
[2242, 2237, 2247]
[2242, 2247, 2227]
[2235, 2248, 2241]
[2236, 2249, 2237]
[2247, 2237, 2249]
[2247, 2249, 2248]
[2236, 2243, 2249]
[1955, 1958, 2250]
[1955, 2250, 2238]
[2244, 2251, 2243]
[2245, 2238, 2252]
[2238, 2250, 2252]
[2240, 2253, 2246]
[2240, 2245, 2253]
[2239, 2254, 2244]
[2239, 2246, 2254]
[2054, 2255, 1942]
[2054, 2241, 2255]
[2248, 2249, 2256]
[2256, 2251, 2255]
[2256, 2249, 2243]
[2256, 2241, 2248]
[2256, 2243, 2251]
[2256, 2255, 2241]
[1958, 1965, 2250]
[2252, 2257, 2245]
[2245, 2257, 2253]
[2244, 2258, 2251]
[2244, 2254, 2258]
[2246, 2259, 2254]
[2246, 2253, 2259]
[1942, 2255, 1938]
[2251, 1938, 2255]
[2251, 2258, 1938]
[1965, 1970, 2260]
[1965, 2260, 2250]
[2252, 2250, 2261]
[2250, 2260, 2261]
[2257, 2262, 2263]
[2253, 2257, 2263]
[2253, 2263, 2259]
[2254, 2264, 2258]
[2254, 2259, 2264]
[1938, 2258, 1943]
[2258, 2264, 1943]
[1970, 1975, 2265]
[1970, 2265, 2260]
[2252, 2266, 2257]
[2257, 2266, 2262]
[2252, 2261, 2266]
[2263, 2262, 2267]
[2259, 2268, 2264]
[2263, 2267, 2268]
[2263, 2268, 2259]
[1943, 2264, 1947]
[2264, 2268, 1947]
[1975, 2269, 2265]
[2260, 2270, 2261]
[2260, 2265, 2270]
[2266, 2261, 2271]
[2261, 2270, 2271]
[2262, 2272, 2267]
[2268, 1951, 1947]
[2268, 2267, 1951]
[1975, 1980, 2273]
[1975, 2273, 2269]
[2265, 2269, 2274]
[2265, 2274, 2270]
[2266, 2271, 2275]
[2262, 2266, 2275]
[2262, 2275, 2272]
[2267, 1956, 1951]
[2267, 2272, 1956]
[1980, 1982, 2276]
[1980, 2276, 2273]
[2269, 2273, 2277]
[2269, 2277, 2274]
[2270, 2278, 2271]
[2270, 2274, 2278]
[2275, 2279, 2280]
[2275, 2280, 2272]
[2271, 2278, 2279]
[2271, 2279, 2275]
[1956, 2272, 1962]
[2272, 2280, 1962]
[1982, 1985, 2281]
[1982, 2281, 2276]
[2273, 2282, 2277]
[2273, 2276, 2282]
[2274, 2283, 2278]
[2274, 2277, 2283]
[2279, 2284, 2285]
[2279, 2285, 2280]
[2278, 2284, 2279]
[2278, 2283, 2284]
[1962, 2280, 1966]
[2280, 2285, 1966]
[1985, 1991, 2281]
[2276, 2281, 2286]
[2276, 2286, 2282]
[2277, 2287, 2283]
[2282, 2286, 2287]
[2282, 2287, 2277]
[2284, 2288, 2289]
[2284, 2289, 2285]
[2283, 2288, 2284]
[2283, 2287, 2288]
[1966, 2285, 1971]
[1991, 2290, 2281]
[2281, 2290, 2286]
[2289, 2288, 2291]
[2287, 2292, 2288]
[2288, 2292, 2291]
[2285, 1976, 1971]
[2289, 1976, 2285]
[2289, 2291, 1976]
[1991, 1995, 2293]
[1991, 2293, 2290]
[2286, 2294, 2295]
[2286, 2295, 2287]
[2290, 2293, 2294]
[2290, 2294, 2286]
[2292, 2296, 2291]
[1976, 2291, 1983]
[2291, 2296, 1983]
[1995, 1997, 2293]
[2295, 2294, 2297]
[2287, 2298, 2292]
[2292, 2298, 2296]
[2287, 2295, 2298]
[1983, 2296, 1987]
[1997, 2299, 2293]
[2294, 2299, 2297]
[2294, 2293, 2299]
[2295, 2300, 2298]
[2295, 2297, 2300]
[2296, 2301, 1987]
[2296, 2298, 2301]
[2299, 2302, 2297]
[2300, 2297, 2303]
[2297, 2302, 2303]
[1987, 2301, 1990]
[2298, 2304, 2301]
[2298, 2300, 2304]
[2299, 1997, 2302]
[2303, 2302, 2000]
[1990, 2301, 1993]
[2301, 2304, 1993]
[2300, 2305, 2304]
[2304, 2305, 1993]
[2300, 2303, 2305]
[1997, 1999, 2302]
[2302, 1999, 2000]
[1993, 2305, 1998]
[2303, 2000, 2305]
[2305, 2000, 1998]
[2088, 2083, 2306]
[2088, 2306, 2078]
[2083, 2091, 2307]
[2083, 2307, 2306]
[2078, 2306, 2149]
[2091, 2308, 2307]
[2306, 2307, 2309]
[2149, 2310, 2151]
[2091, 2096, 2308]
[2306, 2311, 2149]
[2149, 2311, 2310]
[2306, 2309, 2311]
[2307, 2312, 2309]
[2307, 2308, 2312]
[2151, 2313, 2152]
[2151, 2310, 2313]
[2096, 2314, 2308]
[2311, 2315, 2316]
[2311, 2309, 2315]
[2311, 2316, 2310]
[2312, 2317, 2309]
[2309, 2317, 2315]
[2152, 2318, 2160]
[2152, 2313, 2318]
[2096, 2130, 2314]
[2308, 2319, 2312]
[2312, 2319, 2317]
[2308, 2314, 2319]
[2316, 2315, 2320]
[2310, 2321, 2313]
[2310, 2316, 2321]
[2160, 2322, 2164]
[2160, 2318, 2322]
[2130, 2126, 2323]
[2130, 2323, 2314]
[2317, 2324, 2325]
[2317, 2319, 2324]
[2315, 2317, 2325]
[2315, 2325, 2320]
[2313, 2326, 2318]
[2313, 2321, 2326]
[2316, 2320, 2327]
[2316, 2327, 2321]
[2164, 2328, 2171]
[2164, 2322, 2328]
[2126, 2329, 2323]
[2314, 2330, 2319]
[2319, 2330, 2324]
[2325, 2331, 2320]
[2318, 2332, 2322]
[2318, 2326, 2332]
[2327, 2320, 2333]
[2320, 2331, 2333]
[2321, 2334, 2326]
[2321, 2327, 2334]
[2171, 2328, 2178]
[2126, 2118, 2329]
[2323, 2329, 2335]
[2314, 2336, 2330]
[2323, 2335, 2336]
[2323, 2336, 2314]
[2330, 2336, 2324]
[2325, 2324, 2337]
[2336, 2335, 2337]
[2336, 2337, 2324]
[2325, 2337, 2331]
[2322, 2338, 2328]
[2322, 2332, 2338]
[2333, 2331, 2339]
[2326, 2340, 2332]
[2326, 2334, 2340]
[2327, 2333, 2341]
[2327, 2341, 2334]
[2178, 2342, 2181]
[2178, 2328, 2342]
[2118, 2113, 2343]
[2118, 2343, 2329]
[2335, 2344, 2337]
[2344, 2331, 2337]
[2344, 2343, 2339]
[2344, 2329, 2343]
[2344, 2335, 2329]
[2344, 2339, 2331]
[2338, 2332, 2345]
[2332, 2340, 2345]
[2333, 2339, 2346]
[2333, 2346, 2341]
[2334, 2341, 2347]
[2334, 2347, 2340]
[2181, 2348, 2185]
[2181, 2342, 2348]
[2328, 2349, 2342]
[2328, 2338, 2349]
[2113, 2163, 2343]
[2339, 2343, 2163]
[2339, 2163, 2346]
[2345, 2340, 2350]
[2340, 2347, 2350]
[2341, 2346, 2351]
[2341, 2351, 2347]
[2185, 2348, 2352]
[2342, 2353, 2348]
[2342, 2349, 2353]
[2338, 2354, 2349]
[2338, 2345, 2354]
[2163, 2167, 2346]
[2346, 2167, 2351]
[2350, 2355, 2356]
[2345, 2350, 2356]
[2345, 2356, 2354]
[2347, 2351, 2357]
[2350, 2357, 2355]
[2350, 2347, 2357]
[2185, 2352, 2358]
[2348, 2359, 2352]
[2348, 2353, 2359]
[2349, 2360, 2353]
[2349, 2354, 2360]
[2167, 2170, 2351]
[2351, 2170, 2357]
[2356, 2355, 2361]
[2185, 2358, 2191]
[2352, 2359, 2362]
[2352, 2362, 2358]
[2353, 2363, 2359]
[2353, 2360, 2363]
[2354, 2364, 2360]
[2356, 2364, 2354]
[2356, 2361, 2364]
[2170, 2174, 2357]
[2357, 2174, 2355]
[2191, 2358, 2365]
[2362, 2359, 2366]
[2359, 2363, 2366]
[2360, 2367, 2363]
[2360, 2364, 2367]
[2361, 2355, 2180]
[2355, 2174, 2180]
[2191, 2365, 2198]
[2358, 2362, 2368]
[2358, 2368, 2365]
[2366, 2369, 2362]
[2362, 2369, 2368]
[2363, 2367, 2370]
[2363, 2370, 2366]
[2364, 2371, 2367]
[2364, 2361, 2371]
[2180, 2184, 2361]
[2361, 2184, 2371]
[2198, 2365, 2372]
[2369, 2366, 2373]
[2366, 2370, 2373]
[2368, 2369, 2374]
[2365, 2368, 2374]
[2365, 2374, 2372]
[2367, 2375, 2370]
[2367, 2371, 2375]
[2184, 2190, 2371]
[2371, 2190, 2375]
[2198, 2372, 2202]
[2373, 2376, 2377]
[2370, 2376, 2373]
[2370, 2375, 2376]
[2369, 2373, 2378]
[2373, 2377, 2378]
[2374, 2379, 2380]
[2190, 2197, 2375]
[2372, 2205, 2202]
[2376, 2375, 2201]
[2375, 2197, 2201]
[2376, 2201, 2377]
[2369, 2378, 2381]
[2369, 2379, 2374]
[2369, 2381, 2379]
[2380, 2379, 2382]
[2372, 2383, 2205]
[2374, 2383, 2372]
[2374, 2380, 2383]
[2201, 2203, 2377]
[2378, 2377, 2384]
[2377, 2203, 2384]
[2378, 2384, 2381]
[2379, 2381, 2385]
[2379, 2385, 2382]
[2205, 2383, 2386]
[2383, 2380, 2386]
[2203, 2207, 2384]
[2381, 2387, 2388]
[2381, 2388, 2385]
[2384, 2207, 2387]
[2384, 2387, 2381]
[2382, 2389, 2380]
[2380, 2389, 2386]
[2205, 2386, 2211]
[2388, 2387, 2213]
[2385, 2390, 2382]
[2207, 2210, 2387]
[2387, 2210, 2213]
[2389, 2382, 2391]
[2382, 2390, 2391]
[2386, 2214, 2211]
[2214, 2386, 2389]
[2388, 2392, 2385]
[2385, 2392, 2390]
[2388, 2213, 2392]
[2391, 2214, 2389]
[2390, 2218, 2391]
[2213, 2217, 2392]
[2214, 2391, 2216]
[2216, 2391, 2218]
[2390, 2392, 2218]
[2218, 2392, 2217]
[2393, 2394, 2395]
[2393, 2395, 2396]
[2394, 2397, 2395]
[2396, 2395, 2398]
[2394, 2399, 2397]
[2396, 2398, 2400]
[2395, 2397, 2401]
[2395, 2401, 2398]
[2399, 2402, 2397]
[2400, 2398, 2403]
[2401, 2397, 2404]
[2397, 2402, 2404]
[2399, 2405, 2402]
[2400, 2403, 2406]
[2398, 2401, 2407]
[2398, 2407, 2403]
[2404, 2402, 2408]
[2405, 2409, 2410]
[2402, 2405, 2410]
[2402, 2410, 2408]
[2406, 2411, 2409]
[2406, 2403, 2411]
[2401, 2404, 2412]
[2401, 2412, 2407]
[2409, 2413, 2410]
[2408, 2414, 2404]
[2412, 2404, 2414]
[2412, 2414, 2407]
[2409, 2411, 2413]
[2403, 2407, 2415]
[2407, 2414, 2415]
[2403, 2415, 2411]
[2413, 2416, 2410]
[2410, 2416, 2408]
[2413, 2411, 2417]
[2411, 2415, 2417]
[2414, 2408, 2418]
[2415, 2414, 2418]
[2415, 2418, 2417]
[2408, 2416, 2418]
[2413, 2419, 2416]
[2413, 2417, 2419]
[2418, 2416, 2420]
[2420, 2416, 2419]
[2420, 2419, 2417]
[2417, 2418, 2420]
[2421, 2422, 2423]
[2421, 2423, 2424]
[2422, 2425, 2423]
[2424, 2423, 2426]
[2422, 2427, 2425]
[2424, 2426, 2428]
[2423, 2425, 2429]
[2423, 2429, 2426]
[2427, 2430, 2425]
[2428, 2426, 2431]
[2429, 2425, 2432]
[2425, 2430, 2432]
[2427, 2433, 2430]
[2428, 2431, 2434]
[2426, 2429, 2435]
[2426, 2435, 2431]
[2432, 2430, 2436]
[2433, 2437, 2438]
[2430, 2433, 2438]
[2430, 2438, 2436]
[2434, 2439, 2437]
[2434, 2431, 2439]
[2429, 2432, 2440]
[2429, 2440, 2435]
[2437, 2441, 2438]
[2436, 2442, 2432]
[2440, 2432, 2442]
[2440, 2442, 2435]
[2437, 2439, 2441]
[2431, 2435, 2443]
[2435, 2442, 2443]
[2431, 2443, 2439]
[2441, 2444, 2438]
[2438, 2444, 2436]
[2441, 2445, 2446]
[2439, 2443, 2445]
[2439, 2445, 2441]
[2442, 2436, 2447]
[2443, 2442, 2447]
[2443, 2447, 2445]
[2436, 2444, 2447]
[2441, 2446, 2444]
[2446, 2445, 2448]
[2448, 2447, 2444]
[2448, 2444, 2446]
[2448, 2445, 2447]
[2449, 2450, 2451]
[2449, 2452, 2450]
[2451, 2450, 2453]
[2452, 2454, 2450]
[2451, 2453, 2455]
[2452, 2456, 2454]
[2450, 2457, 2453]
[2450, 2454, 2457]
[2455, 2453, 2458]
[2456, 2459, 2454]
[2457, 2460, 2453]
[2453, 2460, 2458]
[2455, 2458, 2461]
[2456, 2462, 2459]
[2454, 2463, 2457]
[2454, 2459, 2463]
[2460, 2464, 2458]
[2461, 2465, 2466]
[2458, 2464, 2465]
[2458, 2465, 2461]
[2462, 2466, 2467]
[2462, 2467, 2459]
[2457, 2468, 2460]
[2457, 2463, 2468]
[2466, 2465, 2469]
[2464, 2460, 2470]
[2468, 2463, 2470]
[2468, 2470, 2460]
[2466, 2469, 2467]
[2459, 2471, 2463]
[2463, 2471, 2470]
[2459, 2467, 2471]
[2465, 2472, 2469]
[2465, 2464, 2472]
[2469, 2473, 2474]
[2467, 2469, 2474]
[2467, 2474, 2471]
[2470, 2475, 2464]
[2471, 2474, 2475]
[2471, 2475, 2470]
[2464, 2475, 2472]
[2469, 2472, 2473]
[2473, 2476, 2474]
[2476, 2472, 2475]
[2476, 2473, 2472]
[2476, 2475, 2474]
[2477, 2478, 2479]
[2477, 2480, 2478]
[2479, 2478, 2481]
[2480, 2482, 2478]
[2479, 2481, 2483]
[2480, 2484, 2482]
[2478, 2485, 2481]
[2478, 2482, 2485]
[2483, 2481, 2486]
[2484, 2487, 2482]
[2485, 2488, 2481]
[2481, 2488, 2486]
[2483, 2486, 2489]
[2484, 2490, 2487]
[2482, 2491, 2485]
[2482, 2487, 2491]
[2488, 2492, 2486]
[2489, 2493, 2494]
[2486, 2492, 2493]
[2486, 2493, 2489]
[2490, 2494, 2495]
[2490, 2495, 2487]
[2485, 2496, 2488]
[2485, 2491, 2496]
[2494, 2493, 2497]
[2492, 2488, 2498]
[2496, 2491, 2498]
[2496, 2498, 2488]
[2494, 2497, 2495]
[2487, 2499, 2491]
[2491, 2499, 2498]
[2487, 2495, 2499]
[2493, 2500, 2497]
[2493, 2492, 2500]
[2497, 2501, 2495]
[2495, 2501, 2499]
[2498, 2502, 2492]
[2499, 2501, 2502]
[2499, 2502, 2498]
[2492, 2502, 2500]
[2497, 2500, 2503]
[2497, 2503, 2501]
[2502, 2504, 2500]
[2504, 2503, 2500]
[2504, 2501, 2503]
[2501, 2504, 2502]
[2505, 2506, 2507]
[2505, 2508, 2506]
[2507, 2506, 2509]
[2508, 2510, 2506]
[2507, 2509, 2511]
[2508, 2512, 2510]
[2506, 2513, 2509]
[2506, 2510, 2513]
[2511, 2509, 2514]
[2512, 2515, 2510]
[2513, 2516, 2509]
[2509, 2516, 2514]
[2511, 2514, 2517]
[2512, 2518, 2515]
[2510, 2519, 2513]
[2510, 2515, 2519]
[2516, 2520, 2514]
[2517, 2521, 2522]
[2514, 2520, 2521]
[2514, 2521, 2517]
[2518, 2522, 2523]
[2518, 2523, 2515]
[2513, 2524, 2516]
[2513, 2519, 2524]
[2522, 2521, 2525]
[2520, 2516, 2526]
[2524, 2519, 2526]
[2524, 2526, 2516]
[2522, 2525, 2523]
[2515, 2527, 2519]
[2519, 2527, 2526]
[2515, 2523, 2527]
[2521, 2528, 2525]
[2521, 2520, 2528]
[2525, 2529, 2530]
[2523, 2525, 2530]
[2523, 2530, 2527]
[2526, 2531, 2520]
[2527, 2530, 2531]
[2527, 2531, 2526]
[2520, 2531, 2528]
[2525, 2528, 2529]
[2529, 2532, 2530]
[2532, 2528, 2531]
[2532, 2529, 2528]
[2532, 2531, 2530]
[2533, 2534, 2535]
[2533, 2535, 2536]
[2534, 2537, 2535]
[2536, 2535, 2538]
[2534, 2539, 2537]
[2536, 2538, 2540]
[2535, 2537, 2541]
[2535, 2541, 2538]
[2539, 2542, 2537]
[2540, 2538, 2543]
[2541, 2537, 2544]
[2537, 2542, 2544]
[2539, 2545, 2542]
[2540, 2543, 2546]
[2538, 2541, 2547]
[2538, 2547, 2543]
[2544, 2542, 2548]
[2545, 2549, 2550]
[2542, 2545, 2550]
[2542, 2550, 2548]
[2546, 2551, 2549]
[2546, 2543, 2551]
[2541, 2544, 2552]
[2541, 2552, 2547]
[2549, 2553, 2550]
[2548, 2554, 2544]
[2552, 2544, 2554]
[2552, 2554, 2547]
[2549, 2551, 2553]
[2543, 2547, 2555]
[2547, 2554, 2555]
[2543, 2555, 2551]
[2553, 2556, 2550]
[2550, 2556, 2548]
[2553, 2557, 2558]
[2551, 2555, 2557]
[2551, 2557, 2553]
[2554, 2548, 2559]
[2555, 2554, 2559]
[2555, 2559, 2557]
[2548, 2556, 2559]
[2553, 2558, 2556]
[2558, 2557, 2560]
[2560, 2559, 2556]
[2560, 2556, 2558]
[2560, 2557, 2559]
[907, 215, 908]
[907, 221, 215]
[907, 908, 909]
[907, 292, 221]
[907, 909, 910]
[907, 911, 292]
[907, 910, 911]
[215, 211, 908]
[909, 912, 910]
[909, 908, 913]
[909, 914, 912]
[909, 913, 914]
[910, 912, 911]
[292, 911, 150]
[292, 150, 291]
[211, 915, 908]
[211, 208, 915]
[908, 915, 913]
[914, 148, 912]
[914, 913, 916]
[914, 131, 148]
[914, 916, 917]
[914, 917, 131]
[148, 150, 911]
[148, 911, 912]
[913, 915, 916]
[208, 918, 915]
[208, 205, 918]
[915, 918, 916]
[917, 116, 131]
[917, 916, 919]
[917, 920, 116]
[917, 919, 920]
[916, 918, 919]
[205, 921, 918]
[205, 204, 921]
[918, 921, 919]
[116, 920, 114]
[204, 922, 921]
[204, 102, 922]
[919, 923, 920]
[919, 921, 923]
[921, 922, 923]
[114, 920, 924]
[114, 924, 113]
[920, 923, 924]
[102, 925, 922]
[102, 101, 925]
[922, 925, 923]
[113, 924, 926]
[113, 926, 111]
[101, 927, 925]
[101, 100, 927]
[923, 928, 924]
[923, 925, 928]
[925, 927, 928]
[924, 928, 926]
[111, 926, 98]
[100, 929, 927]
[100, 88, 929]
[928, 930, 926]
[928, 927, 931]
[928, 931, 930]
[927, 929, 931]
[926, 930, 98]
[88, 932, 929]
[88, 89, 932]
[929, 932, 931]
[930, 90, 98]
[930, 931, 933]
[930, 933, 90]
[933, 89, 90]
[933, 932, 89]
[933, 931, 932]
[934, 935, 500]
[934, 936, 935]
[934, 500, 506]
[934, 937, 936]
[934, 506, 563]
[934, 938, 937]
[934, 563, 938]
[935, 495, 500]
[935, 936, 939]
[935, 940, 495]
[935, 939, 940]
[937, 938, 941]
[937, 941, 936]
[563, 447, 938]
[563, 562, 447]
[495, 940, 492]
[939, 936, 942]
[939, 943, 940]
[939, 942, 943]
[936, 941, 942]
[938, 447, 445]
[938, 445, 941]
[941, 445, 942]
[492, 940, 944]
[492, 944, 489]
[940, 943, 944]
[445, 429, 942]
[489, 944, 945]
[489, 945, 487]
[943, 942, 946]
[943, 947, 944]
[943, 946, 947]
[944, 947, 945]
[942, 429, 946]
[487, 945, 948]
[487, 948, 485]
[947, 946, 949]
[947, 950, 945]
[947, 949, 950]
[945, 950, 948]
[429, 415, 946]
[946, 415, 949]
[485, 948, 951]
[485, 951, 402]
[948, 950, 951]
[415, 413, 949]
[402, 951, 952]
[402, 952, 401]
[950, 949, 953]
[950, 954, 951]
[950, 953, 954]
[951, 954, 952]
[949, 413, 953]
[401, 952, 955]
[401, 955, 389]
[954, 953, 956]
[954, 957, 952]
[954, 956, 958]
[954, 958, 957]
[952, 957, 955]
[413, 412, 953]
[953, 412, 956]
[389, 955, 959]
[389, 959, 390]
[955, 957, 959]
[958, 956, 399]
[958, 960, 957]
[958, 399, 391]
[958, 391, 960]
[960, 390, 959]
[960, 959, 957]
[960, 391, 390]
[412, 410, 956]
[956, 410, 399]
[2561, 2562, 2563]
[2561, 2563, 2564]
[2561, 2564, 2565]
[2564, 2563, 2566]
[2564, 2566, 2567]
[2564, 2567, 2565]
[2567, 2566, 2568]
[2567, 2568, 2569]
[2567, 2569, 2565]
[2569, 2568, 2570]
[2569, 2570, 2571]
[2569, 2571, 2565]
[2571, 2570, 2572]
[2571, 2572, 2573]
[2571, 2573, 2565]
[2573, 2572, 2574]
[2573, 2574, 2575]
[2573, 2575, 2565]
[2575, 2574, 2576]
[2575, 2576, 2577]
[2575, 2577, 2565]
[2577, 2576, 2562]
[2577, 2562, 2561]
[2577, 2561, 2565]
[2578, 2579, 2580]
[2578, 2580, 2581]
[2578, 2581, 2582]
[2581, 2583, 2582]
[2581, 2580, 2584]
[2581, 2584, 2585]
[2581, 2585, 2583]
[2585, 2586, 2583]
[2585, 2584, 2587]
[2585, 2587, 2588]
[2585, 2588, 2586]
[2588, 2589, 2586]
[2588, 2587, 2590]
[2588, 2590, 2591]
[2588, 2591, 2589]
[2591, 2592, 2589]
[2591, 2590, 2593]
[2591, 2593, 2594]
[2591, 2594, 2592]
[2594, 2595, 2592]
[2594, 2593, 2596]
[2594, 2596, 2597]
[2594, 2597, 2595]
[2597, 2598, 2595]
[2597, 2596, 2599]
[2597, 2599, 2600]
[2597, 2600, 2598]
[2600, 2601, 2598]
[2600, 2599, 2579]
[2600, 2579, 2578]
[2600, 2578, 2601]
[2578, 2582, 2601]
[2583, 2562, 2582]
[2583, 2563, 2562]
[2586, 2563, 2583]
[2586, 2566, 2563]
[2589, 2566, 2586]
[2589, 2568, 2566]
[2592, 2568, 2589]
[2592, 2570, 2568]
[2595, 2570, 2592]
[2595, 2572, 2570]
[2598, 2572, 2595]
[2598, 2574, 2572]
[2601, 2574, 2598]
[2601, 2576, 2574]
[2582, 2576, 2601]
[2582, 2562, 2576]
[2580, 2579, 2602]
[2584, 2580, 2602]
[2587, 2584, 2602]
[2590, 2587, 2602]
[2593, 2590, 2602]
[2596, 2593, 2602]
[2599, 2596, 2602]
[2579, 2599, 2602]
[2603, 2604, 2605]
[2603, 2606, 2604]
[2603, 2605, 2607]
[2603, 2607, 2608]
[2606, 2609, 2604]
[2606, 2610, 2609]
[2610, 2611, 2609]
[2610, 2612, 2611]
[2612, 2613, 2611]
[2614, 2615, 2616]
[2614, 2617, 2615]
[2614, 2616, 2618]
[2614, 2618, 2619]
[2617, 2620, 2615]
[2617, 2610, 2620]
[2610, 2621, 2620]
[2610, 2612, 2621]
[2612, 2613, 2621]
[2622, 2623, 2624]
[2622, 2625, 2623]
[2622, 2624, 2626]
[2622, 2626, 2627]
[2625, 2628, 2623]
[2625, 2610, 2628]
[2610, 2629, 2628]
[2610, 2612, 2629]
[2612, 2613, 2629]
[2630, 2631, 2632]
[2630, 2633, 2631]
[2630, 2632, 2634]
[2630, 2634, 2635]
[2633, 2636, 2631]
[2633, 2610, 2636]
[2610, 2637, 2636]
[2610, 2612, 2637]
[2612, 2613, 2637]
[2608, 2638, 2639]
[2608, 2607, 2638]
[2619, 2640, 2639]
[2619, 2618, 2640]
[2627, 2641, 2639]
[2627, 2626, 2641]
[2635, 2642, 2639]
[2635, 2634, 2642]
[2640, 2643, 2639]
[2641, 2643, 2639]
[2642, 2643, 2639]
[2638, 2643, 2639]
[2644, 2645, 2646]
[2644, 2647, 2645]
[2644, 2646, 2648]
[2644, 2648, 2649]
[2647, 2650, 2645]
[2647, 2651, 2650]
[2651, 2652, 2650]
[2651, 2653, 2652]
[2653, 2613, 2652]
[2654, 2655, 2656]
[2654, 2657, 2655]
[2654, 2656, 2658]
[2654, 2658, 2659]
[2657, 2660, 2655]
[2657, 2651, 2660]
[2651, 2661, 2660]
[2651, 2653, 2661]
[2653, 2613, 2661]
[2662, 2663, 2664]
[2662, 2665, 2663]
[2662, 2664, 2666]
[2662, 2666, 2667]
[2665, 2668, 2663]
[2665, 2651, 2668]
[2651, 2669, 2668]
[2651, 2653, 2669]
[2653, 2613, 2669]
[2670, 2671, 2672]
[2670, 2673, 2671]
[2670, 2672, 2674]
[2670, 2674, 2675]
[2673, 2676, 2671]
[2673, 2651, 2676]
[2651, 2677, 2676]
[2651, 2653, 2677]
[2653, 2613, 2677]
[2675, 2678, 2679]
[2675, 2674, 2678]
[2649, 2680, 2679]
[2649, 2648, 2680]
[2659, 2681, 2679]
[2659, 2658, 2681]
[2667, 2682, 2679]
[2667, 2666, 2682]
[2680, 2643, 2679]
[2681, 2643, 2679]
[2682, 2643, 2679]
[2678, 2643, 2679]
[2683, 2684, 2685]
[2683, 2686, 2684]
[2683, 2685, 2687]
[2683, 2688, 2686]
[2683, 2687, 2689]
[2683, 2690, 2688]
[2683, 2689, 2690]
[2684, 2691, 2685]
[2687, 2692, 2689]
[2687, 2685, 2693]
[2687, 2694, 2692]
[2687, 2693, 2694]
[2689, 2692, 2690]
[2688, 2690, 2695]
[2688, 2695, 2696]
[2691, 2697, 2685]
[2691, 2698, 2697]
[2685, 2697, 2693]
[2694, 2699, 2692]
[2694, 2693, 2700]
[2694, 2701, 2699]
[2694, 2700, 2702]
[2694, 2702, 2701]
[2699, 2695, 2690]
[2699, 2690, 2692]
[2693, 2697, 2700]
[2698, 2703, 2697]
[2698, 2704, 2703]
[2697, 2703, 2700]
[2702, 2705, 2701]
[2702, 2700, 2706]
[2702, 2707, 2705]
[2702, 2706, 2707]
[2700, 2703, 2706]
[2704, 2708, 2703]
[2704, 2709, 2708]
[2703, 2708, 2706]
[2705, 2707, 2710]
[2709, 2711, 2708]
[2709, 2712, 2711]
[2706, 2713, 2707]
[2706, 2708, 2713]
[2708, 2711, 2713]
[2710, 2707, 2714]
[2710, 2714, 2715]
[2707, 2713, 2714]
[2712, 2716, 2711]
[2712, 2717, 2716]
[2711, 2716, 2713]
[2715, 2714, 2718]
[2715, 2718, 2719]
[2717, 2720, 2716]
[2717, 2721, 2720]
[2713, 2722, 2714]
[2713, 2716, 2722]
[2716, 2720, 2722]
[2714, 2722, 2718]
[2719, 2718, 2723]
[2721, 2724, 2720]
[2721, 2725, 2724]
[2722, 2726, 2718]
[2722, 2720, 2727]
[2722, 2727, 2726]
[2720, 2724, 2727]
[2718, 2726, 2723]
[2725, 2728, 2724]
[2725, 2729, 2728]
[2724, 2728, 2727]
[2726, 2730, 2723]
[2726, 2727, 2730]
[2728, 2729, 2730]
[2728, 2730, 2727]
[2723, 2730, 2731]
[2731, 2730, 2729]
[2732, 2733, 2734]
[2732, 2735, 2733]
[2732, 2734, 2736]
[2732, 2737, 2735]
[2732, 2736, 2738]
[2732, 2739, 2737]
[2732, 2738, 2739]
[2733, 2740, 2734]
[2733, 2735, 2741]
[2733, 2742, 2740]
[2733, 2741, 2742]
[2737, 2739, 2743]
[2737, 2743, 2735]
[2738, 2744, 2739]
[2738, 2745, 2744]
[2740, 2742, 2746]
[2741, 2735, 2747]
[2741, 2748, 2742]
[2741, 2747, 2748]
[2735, 2743, 2747]
[2739, 2744, 2749]
[2739, 2749, 2743]
[2743, 2749, 2747]
[2746, 2742, 2750]
[2746, 2750, 2751]
[2742, 2748, 2750]
[2749, 2752, 2747]
[2751, 2750, 2753]
[2751, 2753, 2754]
[2748, 2747, 2755]
[2748, 2756, 2750]
[2748, 2755, 2756]
[2750, 2756, 2753]
[2747, 2752, 2755]
[2754, 2753, 2757]
[2754, 2757, 2758]
[2756, 2755, 2759]
[2756, 2760, 2753]
[2756, 2759, 2760]
[2753, 2760, 2757]
[2752, 2761, 2755]
[2755, 2761, 2759]
[2758, 2757, 2762]
[2758, 2762, 2763]
[2757, 2760, 2762]
[2761, 2764, 2759]
[2763, 2762, 2765]
[2763, 2765, 2766]
[2760, 2759, 2767]
[2760, 2768, 2762]
[2760, 2767, 2768]
[2762, 2768, 2765]
[2759, 2764, 2767]
[2766, 2765, 2769]
[2766, 2769, 2770]
[2768, 2767, 2771]
[2768, 2772, 2765]
[2768, 2771, 2773]
[2768, 2773, 2772]
[2765, 2772, 2769]
[2764, 2774, 2767]
[2767, 2774, 2771]
[2770, 2769, 2775]
[2770, 2775, 2776]
[2769, 2772, 2775]
[2773, 2771, 2777]
[2773, 2778, 2772]
[2773, 2777, 2778]
[2775, 2778, 2776]
[2775, 2772, 2778]
[2774, 2779, 2771]
[2771, 2779, 2777]
[2776, 2778, 2780]
[2780, 2778, 2777]
[2781, 2782, 2783]
[2781, 2784, 2782]
[2781, 2783, 2785]
[2781, 2786, 2784]
[2781, 2785, 2787]
[2781, 2788, 2786]
[2781, 2787, 2789]
[2781, 2789, 2788]
[2782, 2790, 2783]
[2782, 2784, 2791]
[2782, 2792, 2790]
[2782, 2791, 2792]
[2785, 2793, 2787]
[2785, 2783, 2793]
[2789, 2794, 2788]
[2789, 2787, 2795]
[2789, 2796, 2794]
[2789, 2795, 2796]
[2790, 2792, 2797]
[2790, 2798, 2783]
[2790, 2797, 2799]
[2790, 2799, 2798]
[2783, 2798, 2793]
[2791, 2800, 2792]
[2787, 2801, 2795]
[2787, 2793, 2801]
[2794, 2796, 2802]
[2796, 2795, 2802]
[2797, 2803, 2799]
[2797, 2792, 2804]
[2797, 2805, 2803]
[2797, 2804, 2805]
[2792, 2800, 2804]
[2798, 2806, 2793]
[2798, 2799, 2807]
[2798, 2807, 2806]
[2801, 2808, 2795]
[2801, 2793, 2809]
[2801, 2810, 2808]
[2801, 2809, 2810]
[2808, 2810, 2802]
[2808, 2802, 2795]
[2803, 2805, 2811]
[2803, 2812, 2799]
[2803, 2811, 2813]
[2803, 2813, 2812]
[2799, 2812, 2807]
[2800, 2814, 2804]
[2806, 2815, 2793]
[2806, 2807, 2816]
[2806, 2817, 2815]
[2806, 2816, 2817]
[2815, 2817, 2809]
[2815, 2809, 2793]
[2810, 2818, 2802]
[2810, 2809, 2819]
[2810, 2819, 2818]
[2809, 2817, 2819]
[2805, 2820, 2811]
[2805, 2804, 2821]
[2805, 2822, 2820]
[2805, 2821, 2823]
[2805, 2823, 2822]
[2821, 2804, 2814]
[2821, 2814, 2823]
[2811, 2820, 2813]
[2812, 2824, 2807]
[2812, 2813, 2825]
[2812, 2825, 2824]
[2807, 2824, 2816]
[2802, 2826, 2827]
[2802, 2827, 2828]
[2802, 2828, 2794]
[2818, 2819, 2829]
[2818, 2829, 2802]
[2817, 2816, 2830]
[2817, 2831, 2819]
[2817, 2830, 2832]
[2817, 2832, 2831]
[2819, 2831, 2829]
[2822, 2823, 2833]
[2822, 2834, 2820]
[2822, 2833, 2835]
[2822, 2835, 2834]
[2833, 2823, 2814]
[2820, 2834, 2813]
[2825, 2836, 2824]
[2825, 2813, 2837]
[2825, 2838, 2836]
[2825, 2837, 2838]
[2826, 2839, 2827]
[2826, 2802, 2840]
[2826, 2840, 2839]
[2828, 2841, 2794]
[2828, 2827, 2841]
[2816, 2842, 2830]
[2816, 2824, 2842]
[2824, 2836, 2842]
[2832, 2843, 2831]
[2832, 2830, 2843]
[2829, 2844, 2802]
[2829, 2831, 2845]
[2829, 2845, 2844]
[2844, 2845, 2840]
[2844, 2840, 2802]
[2831, 2843, 2845]
[2835, 2846, 2834]
[2835, 2847, 2846]
[2835, 2848, 2847]
[2835, 2833, 2848]
[2813, 2849, 2837]
[2813, 2834, 2849]
[2849, 2846, 2838]
[2849, 2838, 2837]
[2849, 2834, 2846]
[2839, 2850, 2827]
[2839, 2840, 2851]
[2839, 2852, 2850]
[2839, 2851, 2852]
[2845, 2843, 2851]
[2845, 2851, 2840]
[2827, 2850, 2841]
[2794, 2841, 2788]
[2836, 2853, 2842]
[2836, 2838, 2854]
[2836, 2854, 2853]
[2830, 2855, 2843]
[2830, 2842, 2855]
[2842, 2853, 2855]
[2847, 2848, 2856]
[2847, 2857, 2846]
[2847, 2856, 2858]
[2847, 2858, 2857]
[2846, 2857, 2838]
[2833, 2859, 2848]
[2833, 2814, 2859]
[2852, 2851, 2860]
[2852, 2861, 2850]
[2852, 2860, 2862]
[2852, 2863, 2861]
[2852, 2862, 2864]
[2852, 2864, 2863]
[2843, 2855, 2862]
[2843, 2860, 2851]
[2843, 2862, 2860]
[2841, 2865, 2788]
[2841, 2850, 2865]
[2861, 2863, 2865]
[2861, 2865, 2850]
[2854, 2866, 2853]
[2854, 2867, 2858]
[2854, 2838, 2867]
[2854, 2858, 2866]
[2867, 2857, 2858]
[2867, 2838, 2857]
[2856, 2848, 2868]
[2856, 2869, 2858]
[2856, 2868, 2869]
[2848, 2859, 2868]
[2814, 2870, 2859]
[2814, 2871, 2870]
[2814, 2800, 2871]
[2870, 2871, 2868]
[2870, 2868, 2859]
[2864, 2862, 2872]
[2864, 2873, 2863]
[2864, 2872, 2874]
[2864, 2874, 2873]
[2872, 2855, 2853]
[2872, 2866, 2874]
[2872, 2862, 2855]
[2872, 2853, 2866]
[2788, 2865, 2786]
[2858, 2869, 2875]
[2858, 2875, 2866]
[2866, 2875, 2874]
[2869, 2868, 2875]
[2800, 2876, 2871]
[2800, 2791, 2876]
[2863, 2873, 2877]
[2863, 2877, 2865]
[2786, 2865, 2784]
[2877, 2876, 2791]
[2877, 2873, 2876]
[2877, 2784, 2865]
[2877, 2791, 2784]
[2874, 2875, 2878]
[2874, 2878, 2873]
[2878, 2875, 2868]
[2878, 2868, 2871]
[2878, 2876, 2873]
[2878, 2871, 2876]
