[0.135971, 1.745059, 0.322123]
[0.166092, 1.755528, 0.252642]
[0.243397, 1.812894, 0.327866]
[0.24433, 1.819826, 0.237344]
[0.175977, 1.764937, 0.186693]
[0.29938, 1.858767, 0.292646]
[0.236396, 1.823837, 0.169886]
[0.1676, 1.771477, 0.127815]
[0.299781, 1.86166, 0.221156]
[0.343901, 1.902038, 0.271419]
[0.212809, 1.829613, 0.10621]
[0.138126, 1.775881, 0.078241]
[0.284406, 1.87104, 0.150694]
[0.342671, 1.910062, 0.201064]
[0.376199, 1.951396, 0.256634]
[0.17243, 1.835437, 0.048612]
[0.092579, 1.782102, 0.034291]
[0.253462, 1.881785, 0.07919]
[0.323438, 1.922198, 0.127671]
[0.377274, 1.968048, 0.187088]
[0.12002, 1.84055, 0.004477]
[0.208231, 1.891007, 0.013389]
[0.293515, 1.940171, 0.05077]
[0.360238, 1.989318, 0.108006]
[0.148999, 1.902115, -0.03522]
[0.243717, 1.958195, -0.02248]
[0.330218, 2.014215, 0.015225]
[0.380746, 2.007075, 0.255425]
[0.387706, 2.029127, 0.180711]
[0.37622, 2.055912, 0.093467]
[0.061052, 1.845394, -0.011456]
[0.04711, 1.783941, 0.018452]
[0.0, 1.786331, 0.009615]
[0.0, 1.848526, -0.020565]
[0.076682, 1.909427, -0.058943]
[0.0, 1.911881, -0.066103]
[0.174693, 1.971474, -0.076323]
[0.089526, 1.981152, -0.104411]
[0.0, 1.986094, -0.115622]
[0.27496, 2.029059, -0.05533]
[0.195838, 2.042698, -0.104602]
[0.100158, 2.050283, -0.136554]
[0.0, 2.054128, -0.145635]
[0.344607, 2.080047, 0.001983]
[0.284853, 2.101725, -0.06784]
[0.202426, 2.114281, -0.117216]
[0.105722, 2.123366, -0.145727]
[0.0, 2.127946, -0.157336]
[0.363484, 1.982556, 0.301518]
[0.358358, 1.944108, 0.295816]
[0.370715, 2.069851, 0.250106]
[0.367713, 2.01884, 0.299222]
[0.361932, 2.042694, 0.32862]
[0.376151, 2.091157, 0.174294]
[0.359773, 2.124484, 0.245675]
[0.366966, 2.115314, 0.09043]
[0.365658, 2.144275, 0.17584]
[0.334091, 2.13802, 0.011571]
[0.353492, 2.173186, 0.093593]
[0.272428, 2.157135, -0.05261]
[0.316263, 2.193712, 0.024082]
[0.192604, 2.168703, -0.095969]
[0.25751, 2.210943, -0.035613]
[0.10421, 2.176734, -0.127363]
[0.179561, 2.222142, -0.071381]
[0.0, 2.180362, -0.140968]
[0.098375, 2.230814, -0.101744]
[0.0, 2.234659, -0.115567]
[0.35052, 2.176445, 0.249154]
[0.350332, 2.205152, 0.181833]
[0.332763, 2.23612, 0.105502]
[0.291963, 2.258027, 0.042359]
[0.234803, 2.276094, -0.009014]
[0.163578, 2.290651, -0.040931]
[0.090121, 2.301255, -0.067377]
[0.0, 2.307194, -0.076053]
[0.339839, 2.245619, 0.258287]
[0.334663, 2.277912, 0.196537]
[0.309067, 2.311037, 0.129119]
[0.264477, 2.33743, 0.075668]
[0.205332, 2.358111, 0.032997]
[0.146936, 2.366655, 0.002442]
[0.082061, 2.373163, -0.020125]
[0.0, 2.372639, -0.028892]
[0.0, 2.411946, -0.001473]
[0.070147, 2.417818, 0.015757]
[0.121004, 2.449045, 0.058377]
[0.330782, 2.163082, 0.29097]
[0.325892, 2.219546, 0.293413]
[0.318125, 2.273838, 0.318267]
[0.32576, 2.310529, 0.287759]
[0.305171, 2.362614, 0.234097]
[0.26924, 2.409225, 0.189399]
[0.221798, 2.445956, 0.149346]
[0.228066, 2.437016, 0.299547]
[0.286527, 2.391552, 0.332417]
[0.315084, 2.339993, 0.355552]
[0.316921, 2.29058, 0.367993]
[0.16401, 2.482733, 0.11485]
[0.333444, 2.118777, 0.305135]
[0.327508, 2.084332, 0.330665]
[0.321234, 2.075459, 0.370815]
[0.057474, 2.447714, 0.009652]
[0.0, 2.438707, -0.004832]
[0.102483, 2.476591, 0.04608]
[0.116078, 2.509472, 0.077805]
[0.205184, 2.413658, 0.414835]
[0.2737, 2.382149, 0.420827]
[0.305874, 2.33636, 0.420106]
[0.258506, 2.359525, 0.499511]
[0.312839, 2.294075, 0.414927]
[0.295041, 2.313559, 0.483784]
[0.306266, 2.275441, 0.463758]
[0.284569, 2.24666, 0.498485]
[0.271313, 2.284895, 0.528579]
[0.26256, 2.215929, 0.524622]
[0.12099, 2.519141, 0.176159]
[0.099887, 2.543912, 0.107048]
[0.161324, 2.487079, 0.261998]
[0.153848, 2.454907, 0.410494]
[0.07792, 2.515265, 0.280548]
[0.048097, 2.484102, -0.02761]
[0.0, 2.471514, -0.035477]
[0.085839, 2.516578, -0.007404]
[0.097915, 2.548128, 0.009876]
[0.088582, 2.580539, 0.031687]
[0.182152, 2.383399, 0.498041]
[0.235496, 2.326193, 0.552409]
[0.141483, 2.42064, 0.499905]
[0.243565, 2.249546, 0.556544]
[0.235346, 2.181865, 0.549874]
[0.066309, 2.572055, 0.129758]
[0.070823, 2.544293, 0.202428]
[0.056046, 2.608148, 0.052913]
[0.075556, 2.622169, -0.044943]
[0.082316, 2.591079, -0.065106]
[0.07015, 2.563114, -0.081682]
[0.041595, 2.542007, -0.096532]
[0.0, 2.53287, -0.103556]
[0.081956, 2.475967, 0.406138]
[0.078495, 2.441072, 0.50179]
[0.125894, 2.370856, 0.55689]
[0.163983, 2.351529, 0.549458]
[0.209659, 2.288702, 0.593362]
[0.145312, 2.30933, 0.590852]
[0.212706, 2.20871, 0.58481]
[0.182169, 2.240988, 0.624395]
[0.204831, 2.146658, 0.572582]
[0.185293, 2.161471, 0.600263]
[0.171554, 2.111342, 0.593679]
[0.048092, 2.648966, -0.030947]
[0.069318, 2.66126, -0.119758]
[0.072188, 2.630576, -0.135148]
[0.06077, 2.606243, -0.151214]
[0.062092, 2.673121, -0.207541]
[0.033999, 2.590927, -0.163379]
[0.050774, 2.652649, -0.222315]
[0.0, 2.584831, -0.168563]
[0.026691, 2.640381, -0.232477]
[0.0, 2.636977, -0.235098]
[0.0, 2.448583, 0.503753]
[0.071076, 2.388723, 0.574708]
[0.0, 2.484288, 0.406756]
[0.0, 2.527607, 0.2837]
[0.0, 2.556002, 0.210079]
[0.0, 2.588641, 0.135457]
[0.0, 2.619553, 0.061855]
[0.0, 2.662707, -0.028283]
[0.044974, 2.688082, -0.106446]
[0.0, 2.699944, -0.102175]
[0.06133, 2.7003, -0.192475]
[0.03973, 2.72603, -0.181783]
[0.0526, 2.711907, -0.216197]
[0.05264, 2.686685, -0.230753]
[0.042261, 2.670251, -0.241206]
[0.038129, 2.69428, -0.238901]
[0.02162, 2.661539, -0.249168]
[0.030917, 2.683231, -0.24533]
[0.0, 2.659279, -0.252806]
[0.017119, 2.679751, -0.251531]
[0.0, 2.680107, -0.25419]
[0.0, 2.702281, -0.247788]
[0.020849, 2.700071, -0.244291]
[0.0, 2.72001, -0.237592]
[0.037623, 2.716505, -0.22631]
[0.020889, 2.718308, -0.234129]
[0.0344, 2.732786, -0.205984]
[0.02554, 2.733396, -0.217612]
[0.015869, 2.727249, -0.228913]
[0.0, 2.732583, -0.228163]
[0.0, 2.742768, -0.214251]
[0.0, 2.743429, -0.201027]
[0.0, 2.736698, -0.176164]
[0.342791, 1.964957, 0.338485]
[0.333845, 1.9383, 0.335537]
[0.322125, 1.953588, 0.353987]
[0.301526, 1.938231, 0.347815]
[0.333372, 1.969003, 0.370284]
[0.35799, 2.001456, 0.328826]
[0.340411, 1.983801, 0.354391]
[0.334584, 1.973687, 0.415237]
[0.347198, 2.032361, 0.374178]
[0.334929, 2.024865, 0.42323]
[0.312864, 2.069688, 0.407548]
[0.29784, 2.063366, 0.445849]
[0.320604, 1.975152, 0.46072]
[0.306946, 2.020029, 0.471909]
[0.273685, 2.058924, 0.48638]
[0.294912, 1.975277, 0.506364]
[0.279199, 2.018995, 0.516161]
[0.252737, 2.057842, 0.524165]
[0.307797, 1.931289, 0.444175]
[0.288435, 1.931695, 0.48782]
[0.254828, 2.014487, 0.560532]
[0.220303, 2.057413, 0.568869]
[0.268285, 1.974284, 0.550454]
[0.263134, 1.933524, 0.540901]
[0.321493, 1.929343, 0.384175]
[0.316649, 1.930984, 0.407993]
[0.225114, 2.010108, 0.609831]
[0.171378, 2.056585, 0.618739]
[0.238526, 1.970113, 0.603395]
[0.231273, 1.931106, 0.59767]
[0.205081, 1.962864, 0.669097]
[0.194836, 1.998172, 0.675472]
[0.231583, 1.885589, 0.531327]
[0.257625, 1.881731, 0.471818]
[0.274069, 1.88487, 0.425488]
[0.313311, 1.931464, 0.3602]
[0.301079, 1.903999, 0.372036]
[0.286494, 1.888477, 0.398269]
[0.287208, 1.907461, 0.366735]
[0.267879, 1.904713, 0.391569]
[0.249649, 1.90248, 0.405704]
[0.23186, 1.879963, 0.45497]
[0.206117, 1.88689, 0.516872]
[0.20315, 1.89454, 0.589971]
[0.170665, 1.90072, 0.58089]
[0.199589, 1.926062, 0.664301]
[0.16763, 1.899572, 0.660743]
[0.127195, 1.908995, 0.655124]
[0.174086, 1.952651, 0.731825]
[0.164805, 1.91704, 0.725434]
[0.137212, 1.893684, 0.716958]
[0.102193, 1.89803, 0.702246]
[0.135152, 1.936595, 0.800659]
[0.125138, 1.901695, 0.780986]
[0.103618, 1.875229, 0.753821]
[0.059116, 1.859791, 0.752338]
[0.167749, 1.985536, 0.736222]
[0.134915, 1.972546, 0.806018]
[0.085176, 1.882838, 0.806506]
[0.074419, 1.859216, 0.777156]
[0.093258, 1.924314, 0.836016]
[0.092272, 1.964134, 0.84486]
[0.034234, 1.842292, 0.785485]
[0.0, 1.844081, 0.76203]
[0.0, 1.833672, 0.787936]
[0.0, 1.859976, 0.821969]
[0.041777, 1.866415, 0.818728]
[0.0, 1.913824, 0.861322]
[0.047171, 1.916948, 0.854222]
[0.046897, 1.958789, 0.865386]
[0.0, 1.958053, 0.873453]
[0.079209, 2.000166, 0.833991]
[0.038649, 2.000128, 0.853504]
[0.0, 2.002546, 0.859536]
[0.0, 2.038203, 0.812043]
[0.032162, 2.034169, 0.807585]
[0.0, 2.065101, 0.766346]
[0.115757, 2.005896, 0.794045]
[0.064503, 2.028947, 0.797885]
[0.033327, 2.05996, 0.760677]
[0.0, 2.084263, 0.733394]
[0.156522, 2.031182, 0.68865]
[0.142261, 2.018866, 0.740057]
[0.093442, 2.026125, 0.779663]
[0.065075, 2.050707, 0.753793]
[0.101901, 2.037702, 0.745681]
[0.112788, 2.051571, 0.702356]
[0.066808, 2.070847, 0.717494]
[0.03443, 2.079196, 0.726148]
[0.0, 2.100763, 0.710882]
[0.036305, 2.09535, 0.703151]
[0.0, 2.118962, 0.691312]
[0.068033, 2.086412, 0.692005]
[0.038641, 2.112673, 0.683143]
[0.0, 2.14363, 0.675541]
[0.118945, 2.068297, 0.660979]
[0.069794, 2.102434, 0.666466]
[0.123978, 2.087288, 0.615356]
[0.163568, 2.073981, 0.597822]
[0.042093, 2.136577, 0.667616]
[0.100877, 2.108548, 0.627349]
[0.074105, 2.123513, 0.646011]
[0.045631, 2.166948, 0.66261]
[0.0, 2.172792, 0.671002]
[0.07779, 2.156259, 0.635698]
[0.103248, 2.144954, 0.631495]
[0.134773, 2.130524, 0.630382]
[0.051323, 2.220475, 0.665716]
[0.0, 2.226615, 0.673108]
[0.085412, 2.203988, 0.63169]
[0.111419, 2.192416, 0.636257]
[0.15423, 2.179924, 0.63864]
[0.125902, 2.254016, 0.622435]
[0.097211, 2.260531, 0.619026]
[0.058899, 2.279431, 0.65422]
[0.0, 2.288936, 0.662302]
[0.065142, 2.333374, 0.628782]
[0.0, 2.34191, 0.636732]
[0.0, 2.398408, 0.57849]
[0.110954, 2.315687, 0.595505]
[0.167241, 2.125363, 0.608741]
[-0.135971, 1.745059, 0.322123]
[-0.243396, 1.812894, 0.327866]
[-0.166092, 1.755528, 0.252642]
[-0.24433, 1.819826, 0.237344]
[-0.29938, 1.858767, 0.292646]
[-0.175977, 1.764937, 0.186693]
[-0.299781, 1.86166, 0.221156]
[-0.343901, 1.902038, 0.271419]
[-0.236396, 1.823837, 0.169886]
[-0.1676, 1.771477, 0.127815]
[-0.342671, 1.910062, 0.201064]
[-0.376199, 1.951396, 0.256634]
[-0.284406, 1.87104, 0.150694]
[-0.212809, 1.829613, 0.10621]
[-0.138126, 1.775881, 0.078241]
[-0.377274, 1.968048, 0.187088]
[-0.323438, 1.922198, 0.127671]
[-0.253462, 1.881785, 0.07919]
[-0.17243, 1.835437, 0.048612]
[-0.092579, 1.782102, 0.034291]
[-0.360238, 1.989318, 0.108006]
[-0.293515, 1.940171, 0.05077]
[-0.208231, 1.891007, 0.013389]
[-0.12002, 1.84055, 0.004477]
[-0.380746, 2.007075, 0.255425]
[-0.387706, 2.029127, 0.180711]
[-0.363484, 1.982556, 0.301518]
[-0.358358, 1.944108, 0.295816]
[-0.370715, 2.069851, 0.250106]
[-0.243717, 1.958195, -0.02248]
[-0.148999, 1.902115, -0.03522]
[-0.330218, 2.014215, 0.015225]
[-0.37622, 2.055912, 0.093467]
[-0.376151, 2.091157, 0.174294]
[-0.359773, 2.124484, 0.245675]
[-0.061052, 1.845394, -0.011456]
[-0.04711, 1.783941, 0.018452]
[-0.076682, 1.909427, -0.058943]
[-0.174693, 1.971474, -0.076323]
[-0.089526, 1.981152, -0.104411]
[-0.27496, 2.029059, -0.05533]
[-0.195838, 2.042698, -0.104602]
[-0.100158, 2.050283, -0.136554]
[-0.344607, 2.080047, 0.001983]
[-0.284853, 2.101725, -0.06784]
[-0.202426, 2.114281, -0.117216]
[-0.105722, 2.123366, -0.145727]
[-0.366966, 2.115314, 0.09043]
[-0.334091, 2.13802, 0.011571]
[-0.272428, 2.157135, -0.05261]
[-0.192604, 2.168703, -0.095969]
[-0.10421, 2.176734, -0.127363]
[-0.365658, 2.144275, 0.17584]
[-0.353492, 2.173186, 0.093593]
[-0.316263, 2.193712, 0.024082]
[-0.25751, 2.210943, -0.035613]
[-0.179561, 2.222142, -0.071381]
[-0.098375, 2.230814, -0.101744]
[-0.35052, 2.176445, 0.249154]
[-0.350332, 2.205152, 0.181833]
[-0.332763, 2.23612, 0.105502]
[-0.291963, 2.258027, 0.042359]
[-0.234803, 2.276094, -0.009014]
[-0.163578, 2.290651, -0.040931]
[-0.090121, 2.301255, -0.067377]
[-0.339839, 2.245619, 0.258287]
[-0.334663, 2.277912, 0.196537]
[-0.309067, 2.311037, 0.129119]
[-0.264477, 2.33743, 0.075668]
[-0.205332, 2.358111, 0.032997]
[-0.146936, 2.366655, 0.002442]
[-0.082061, 2.373163, -0.020125]
[-0.070147, 2.417818, 0.015757]
[-0.121004, 2.449045, 0.058377]
[-0.330782, 2.163082, 0.29097]
[-0.325892, 2.219546, 0.293413]
[-0.318125, 2.273838, 0.318267]
[-0.32576, 2.310529, 0.287759]
[-0.305171, 2.362614, 0.234097]
[-0.26924, 2.409225, 0.189399]
[-0.221798, 2.445956, 0.149346]
[-0.228066, 2.437016, 0.299547]
[-0.286527, 2.391552, 0.332417]
[-0.315084, 2.339993, 0.355552]
[-0.316921, 2.29058, 0.367993]
[-0.16401, 2.482733, 0.11485]
[-0.333444, 2.118777, 0.305135]
[-0.327508, 2.084332, 0.330665]
[-0.057474, 2.447714, 0.009652]
[-0.102483, 2.476591, 0.04608]
[-0.116078, 2.509472, 0.077805]
[-0.205184, 2.413658, 0.414835]
[-0.2737, 2.382149, 0.420827]
[-0.305874, 2.33636, 0.420106]
[-0.258506, 2.359525, 0.499511]
[-0.312839, 2.294075, 0.414927]
[-0.295041, 2.313559, 0.483784]
[-0.306266, 2.275441, 0.463758]
[-0.284569, 2.24666, 0.498485]
[-0.271313, 2.284895, 0.528579]
[-0.26256, 2.215929, 0.524622]
[-0.12099, 2.519141, 0.176159]
[-0.099887, 2.543912, 0.107048]
[-0.161324, 2.487079, 0.261998]
[-0.153848, 2.454907, 0.410494]
[-0.07792, 2.515265, 0.280548]
[-0.048097, 2.484102, -0.02761]
[-0.085839, 2.516578, -0.007404]
[-0.097915, 2.548128, 0.009876]
[-0.088582, 2.580539, 0.031687]
[-0.235496, 2.326193, 0.552409]
[-0.182152, 2.383399, 0.498041]
[-0.141483, 2.42064, 0.499905]
[-0.243565, 2.249546, 0.556544]
[-0.235346, 2.181865, 0.549874]
[-0.070823, 2.544293, 0.202428]
[-0.066309, 2.572055, 0.129758]
[-0.056046, 2.608148, 0.052913]
[-0.075556, 2.622169, -0.044943]
[-0.082316, 2.591079, -0.065106]
[-0.07015, 2.563114, -0.081682]
[-0.041595, 2.542007, -0.096532]
[-0.081956, 2.475967, 0.406138]
[-0.078495, 2.441072, 0.50179]
[-0.125894, 2.370856, 0.55689]
[-0.163983, 2.351529, 0.549458]
[-0.209659, 2.288702, 0.593362]
[-0.145312, 2.30933, 0.590852]
[-0.212706, 2.20871, 0.58481]
[-0.182169, 2.240988, 0.624395]
[-0.204831, 2.146658, 0.572582]
[-0.185293, 2.161471, 0.600263]
[-0.171554, 2.111342, 0.593679]
[-0.048092, 2.648966, -0.030947]
[-0.069318, 2.66126, -0.119758]
[-0.072188, 2.630576, -0.135148]
[-0.06077, 2.606243, -0.151214]
[-0.062092, 2.673121, -0.207541]
[-0.033999, 2.590927, -0.163379]
[-0.050774, 2.652649, -0.222315]
[-0.026691, 2.640381, -0.232477]
[-0.071076, 2.388723, 0.574708]
[-0.044974, 2.688082, -0.106446]
[-0.06133, 2.7003, -0.192475]
[-0.03973, 2.72603, -0.181783]
[-0.0526, 2.711907, -0.216197]
[-0.05264, 2.686685, -0.230753]
[-0.042261, 2.670251, -0.241206]
[-0.038129, 2.69428, -0.238901]
[-0.02162, 2.661539, -0.249168]
[-0.030917, 2.683231, -0.24533]
[-0.017119, 2.679751, -0.251531]
[-0.020849, 2.700071, -0.244291]
[-0.037623, 2.716505, -0.22631]
[-0.020889, 2.718308, -0.234129]
[-0.0344, 2.732786, -0.205984]
[-0.02554, 2.733396, -0.217612]
[-0.015869, 2.727249, -0.228913]
[-0.342791, 1.964957, 0.338485]
[-0.333845, 1.9383, 0.335537]
[-0.301526, 1.938231, 0.347815]
[-0.322125, 1.953588, 0.353987]
[-0.313311, 1.931464, 0.3602]
[-0.287208, 1.907461, 0.366735]
[-0.333372, 1.969003, 0.370284]
[-0.301079, 1.903999, 0.372036]
[-0.35799, 2.001456, 0.328826]
[-0.340411, 1.983801, 0.354391]
[-0.367713, 2.01884, 0.299222]
[-0.361932, 2.042694, 0.32862]
[-0.321234, 2.075459, 0.370815]
[-0.347198, 2.032361, 0.374178]
[-0.312864, 2.069688, 0.407548]
[-0.334929, 2.024865, 0.42323]
[-0.29784, 2.063366, 0.445849]
[-0.334584, 1.973687, 0.415237]
[-0.306946, 2.020029, 0.471909]
[-0.273685, 2.058924, 0.48638]
[-0.320604, 1.975152, 0.46072]
[-0.279199, 2.018995, 0.516161]
[-0.252737, 2.057842, 0.524165]
[-0.294912, 1.975277, 0.506364]
[-0.307797, 1.931289, 0.444175]
[-0.288435, 1.931695, 0.48782]
[-0.254828, 2.014487, 0.560532]
[-0.220303, 2.057413, 0.568869]
[-0.268285, 1.974284, 0.550454]
[-0.263134, 1.933524, 0.540901]
[-0.321493, 1.929343, 0.384175]
[-0.316649, 1.930984, 0.407993]
[-0.225114, 2.010108, 0.609831]
[-0.171378, 2.056585, 0.618739]
[-0.238526, 1.970113, 0.603395]
[-0.231273, 1.931106, 0.59767]
[-0.205081, 1.962864, 0.669097]
[-0.194836, 1.998172, 0.675472]
[-0.231583, 1.885589, 0.531327]
[-0.257625, 1.881731, 0.471818]
[-0.274069, 1.88487, 0.425488]
[-0.286494, 1.888477, 0.398269]
[-0.267879, 1.904713, 0.391569]
[-0.249649, 1.90248, 0.405704]
[-0.23186, 1.879963, 0.45497]
[-0.206117, 1.88689, 0.516872]
[-0.20315, 1.89454, 0.589971]
[-0.170665, 1.90072, 0.58089]
[-0.199589, 1.926062, 0.664301]
[-0.16763, 1.899572, 0.660743]
[-0.127195, 1.908995, 0.655124]
[-0.174086, 1.952651, 0.731825]
[-0.164805, 1.91704, 0.725434]
[-0.137212, 1.893684, 0.716958]
[-0.102193, 1.89803, 0.702246]
[-0.156522, 2.031182, 0.68865]
[-0.167749, 1.985536, 0.736222]
[-0.125138, 1.901695, 0.780986]
[-0.103618, 1.875229, 0.753821]
[-0.059116, 1.859791, 0.752338]
[-0.135152, 1.936595, 0.800659]
[-0.134915, 1.972546, 0.806018]
[-0.074419, 1.859216, 0.777156]
[-0.085176, 1.882838, 0.806506]
[-0.093258, 1.924314, 0.836016]
[-0.092272, 1.964134, 0.84486]
[-0.142261, 2.018866, 0.740057]
[-0.115757, 2.005896, 0.794045]
[-0.079209, 2.000166, 0.833991]
[-0.046897, 1.958789, 0.865386]
[-0.047171, 1.916948, 0.854222]
[-0.041777, 1.866415, 0.818728]
[-0.038649, 2.000128, 0.853504]
[-0.032162, 2.034169, 0.807585]
[-0.064503, 2.028947, 0.797885]
[-0.033327, 2.05996, 0.760677]
[-0.034234, 1.842292, 0.785485]
[-0.112788, 2.051571, 0.702356]
[-0.101901, 2.037702, 0.745681]
[-0.093442, 2.026125, 0.779663]
[-0.065075, 2.050707, 0.753793]
[-0.066808, 2.070847, 0.717494]
[-0.03443, 2.079196, 0.726148]
[-0.036305, 2.09535, 0.703151]
[-0.068033, 2.086412, 0.692005]
[-0.038641, 2.112673, 0.683143]
[-0.118945, 2.068297, 0.660979]
[-0.069794, 2.102434, 0.666466]
[-0.042093, 2.136577, 0.667616]
[-0.123978, 2.087288, 0.615356]
[-0.163568, 2.073981, 0.597822]
[-0.074105, 2.123513, 0.646011]
[-0.100877, 2.108548, 0.627349]
[-0.045631, 2.166948, 0.66261]
[-0.07779, 2.156259, 0.635698]
[-0.103248, 2.144954, 0.631495]
[-0.134773, 2.130524, 0.630382]
[-0.051323, 2.220475, 0.665716]
[-0.085412, 2.203988, 0.63169]
[-0.111419, 2.192416, 0.636257]
[-0.15423, 2.179924, 0.63864]
[-0.125902, 2.254016, 0.622435]
[-0.097211, 2.260531, 0.619026]
[-0.058899, 2.279431, 0.65422]
[-0.065142, 2.333374, 0.628782]
[-0.110954, 2.315687, 0.595505]
[-0.167241, 2.125363, 0.608741]
[0.306199, 1.905414, 0.353802]
[0.325404, 1.901673, 0.319517]
[0.302163, 1.876265, 0.347528]
[0.288874, 1.897088, 0.378397]
[0.283174, 1.860489, 0.372024]
[0.279062, 1.890022, 0.399567]
[0.264188, 1.900646, 0.411828]
[0.268097, 1.881297, 0.421498]
[0.258351, 1.896989, 0.432877]
[0.268524, 1.852092, 0.402326]
[0.235434, 1.806001, 0.383631]
[0.250531, 1.846613, 0.444635]
[0.254218, 1.875602, 0.449737]
[0.161162, 1.768282, 0.368206]
[0.220445, 1.803385, 0.439793]
[0.207957, 1.847876, 0.527215]
[0.061645, 1.745526, 0.388996]
[0.063052, 1.730548, 0.363812]
[0.0, 1.724375, 0.376834]
[0.0, 1.737703, 0.392085]
[0.0, 1.747995, 0.434642]
[0.151668, 1.768035, 0.43562]
[0.060983, 1.755181, 0.435371]
[0.183837, 1.804668, 0.520761]
[0.131316, 1.775061, 0.516628]
[0.054007, 1.761653, 0.51147]
[0.0, 1.75419, 0.508046]
[0.0, 1.757817, 0.585516]
[0.2471, 1.89469, 0.455793]
[0.2427, 1.899282, 0.434335]
[0.215356, 1.877461, 0.531325]
[0.167961, 1.849623, 0.609702]
[0.143477, 1.80865, 0.600484]
[0.106011, 1.777927, 0.591439]
[0.101358, 1.807375, 0.653247]
[0.04832, 1.763672, 0.586687]
[0.081838, 1.783987, 0.647047]
[0.038731, 1.771747, 0.64519]
[0.064437, 1.788643, 0.666554]
[0.0, 1.766314, 0.644007]
[0.035011, 1.778935, 0.670471]
[0.0, 1.77418, 0.673715]
[0.068509, 1.805074, 0.684025]
[0.034862, 1.804038, 0.698962]
[0.0, 1.8015, 0.704809]
[0.121716, 1.853768, 0.683852]
[0.081301, 1.850519, 0.721474]
[0.035777, 1.849768, 0.741421]
[0.0, 1.849095, 0.746935]
[0.178115, 1.881459, 0.615785]
[0.130449, 1.883133, 0.698848]
[0.085852, 1.882246, 0.74374]
[0.036694, 1.881274, 0.763382]
[0.0, 1.879897, 0.768848]
[0.214285, 1.898094, 0.533443]
[0.175965, 1.901975, 0.617781]
[0.131224, 1.902902, 0.702592]
[0.08505, 1.900403, 0.745513]
[0.035439, 1.899417, 0.764845]
[0.0, 1.898843, 0.771355]
[0.0, 1.913605, 0.75564]
[0.033243, 1.912343, 0.751225]
[0.079214, 1.910936, 0.733318]
[0.120429, 1.910776, 0.695081]
[0.160533, 1.908688, 0.61356]
[0.199016, 1.904306, 0.53422]
[0.23159, 1.897655, 0.456489]
[0.248343, 1.90323, 0.413835]
[0.057719, 1.900509, 0.697113]
[0.087367, 1.900616, 0.658558]
[0.117731, 1.898688, 0.601546]
[0.06242, 1.913473, 0.700722]
[0.092446, 1.914594, 0.659229]
[0.150981, 1.892823, 0.531947]
[0.120084, 1.912066, 0.600926]
[0.15242, 1.907779, 0.533776]
[0.177189, 1.881287, 0.453936]
[0.179302, 1.897456, 0.45717]
[0.112329, 1.924589, 0.602325]
[0.14088, 1.918127, 0.533415]
[0.163959, 1.907698, 0.458081]
[0.059663, 1.924734, 0.693227]
[0.08612, 1.928398, 0.658254]
[0.186103, 1.886539, 0.404487]
[0.170192, 1.898391, 0.404503]
[0.073315, 1.934805, 0.535709]
[0.059803, 1.939541, 0.603435]
[0.046489, 1.93879, 0.660822]
[0.031378, 1.929082, 0.710598]
[0.083463, 1.923575, 0.463088]
[0.085485, 1.911246, 0.407162]
[0.221625, 1.889974, 0.414216]
[0.186421, 1.873199, 0.404431]
[0.0, 1.939193, 0.538815]
[0.0, 1.94439, 0.602394]
[0.0, 1.927103, 0.46783]
[0.0, 1.914789, 0.407535]
[0.0, 1.943527, 0.664766]
[0.0, 1.930514, 0.716417]
[0.03187, 1.917898, 0.728406]
[0.0, 1.920258, 0.733626]
[0.0, 1.906125, 0.728403]
[0.030895, 1.905587, 0.723313]
[0.184104, 1.889064, 0.368536]
[0.166081, 1.901685, 0.367889]
[0.0852, 1.912391, 0.368447]
[0.0, 1.916003, 0.368358]
[0.19127, 1.876735, 0.368562]
[0.174644, 1.885671, 0.332278]
[0.151475, 1.895381, 0.331089]
[0.078348, 1.90482, 0.328361]
[0.0, 1.907829, 0.327848]
[0.190365, 1.872717, 0.32811]
[0.161614, 1.875302, 0.3032]
[0.137791, 1.879272, 0.286299]
[0.175354, 1.862968, 0.287863]
[0.059534, 1.885079, 0.278486]
[0.143367, 1.864421, 0.26672]
[0.196381, 1.891348, 0.30176]
[0.212667, 1.890784, 0.348691]
[0.21975, 1.887177, 0.383568]
[0.0, 1.889427, 0.275907]
[0.052362, 1.869011, 0.251558]
[0.0, 1.87308, 0.247151]
[0.136728, 1.912747, 0.258183]
[0.043267, 1.922816, 0.238616]
[0.0, 1.925627, 0.227254]
[0.0, 1.961665, 0.260695]
[0.045281, 1.959369, 0.26572]
[0.0, 1.97773, 0.325054]
[0.143241, 1.944819, 0.288285]
[0.04571, 1.974814, 0.331323]
[0.0, 1.984235, 0.419636]
[0.203197, 1.912391, 0.332483]
[0.236013, 1.906166, 0.364858]
[0.235907, 1.90343, 0.392245]
[0.141824, 1.953006, 0.353174]
[0.045357, 1.978807, 0.428442]
[0.204046, 1.922452, 0.379842]
[0.137378, 1.953125, 0.434325]
[0.199145, 1.922605, 0.440814]
[0.128639, 1.949996, 0.473263]
[0.044501, 1.972998, 0.471526]
[0.0, 1.971068, 0.512181]
[0.168019, 1.925886, 0.515556]
[0.133232, 1.9252, 0.586128]
[0.0, 1.951977, 0.590387]
[0.104733, 1.924761, 0.647576]
[0.0, 1.931855, 0.651043]
[0.074306, 1.915792, 0.696996]
[0.0, 1.907583, 0.704169]
[0.039082, 1.882374, 0.738772]
[0.0, 1.872737, 0.745802]
[0.23325, 1.899597, 0.412765]
[0.116935, 1.894482, 0.674065]
[0.103247, 1.898587, 0.657156]
[0.10936, 1.932021, 0.680778]
[0.098512, 1.934591, 0.670423]
[0.094772, 1.960624, 0.680425]
[0.086405, 1.932285, 0.67296]
[0.077356, 1.895991, 0.662483]
[-0.306199, 1.905414, 0.353802]
[-0.325404, 1.901673, 0.319517]
[-0.302163, 1.876265, 0.347528]
[-0.288874, 1.897088, 0.378397]
[-0.283174, 1.860489, 0.372024]
[-0.279062, 1.890022, 0.399567]
[-0.264188, 1.900646, 0.411828]
[-0.268524, 1.852092, 0.402326]
[-0.268097, 1.881297, 0.421498]
[-0.235434, 1.806001, 0.383631]
[-0.250531, 1.846613, 0.444635]
[-0.258351, 1.896989, 0.432877]
[-0.254218, 1.875602, 0.449737]
[-0.161162, 1.768282, 0.368206]
[-0.220445, 1.803385, 0.439793]
[-0.207957, 1.847876, 0.527215]
[-0.061645, 1.745526, 0.388996]
[-0.063052, 1.730548, 0.363812]
[-0.151668, 1.768035, 0.43562]
[-0.060983, 1.755181, 0.435371]
[-0.183837, 1.804668, 0.520761]
[-0.131316, 1.775061, 0.516628]
[-0.054007, 1.761653, 0.51147]
[-0.2471, 1.89469, 0.455793]
[-0.215356, 1.877461, 0.531325]
[-0.16796, 1.849623, 0.609702]
[-0.143477, 1.80865, 0.600484]
[-0.106011, 1.777927, 0.591439]
[-0.101358, 1.807375, 0.653247]
[-0.04832, 1.763672, 0.586687]
[-0.081838, 1.783987, 0.647047]
[-0.038731, 1.771747, 0.64519]
[-0.064436, 1.788643, 0.666554]
[-0.035011, 1.778935, 0.670471]
[-0.068509, 1.805074, 0.684025]
[-0.034861, 1.804038, 0.698962]
[-0.121716, 1.853768, 0.683852]
[-0.081301, 1.850519, 0.721474]
[-0.035777, 1.849768, 0.741421]
[-0.178115, 1.881459, 0.615785]
[-0.130449, 1.883133, 0.698848]
[-0.085852, 1.882246, 0.74374]
[-0.036694, 1.881274, 0.763382]
[-0.214285, 1.898094, 0.533443]
[-0.175965, 1.901975, 0.617781]
[-0.131223, 1.902902, 0.702592]
[-0.08505, 1.900403, 0.745513]
[-0.035439, 1.899417, 0.764845]
[-0.033243, 1.912343, 0.751225]
[-0.079213, 1.910936, 0.733318]
[-0.120428, 1.910776, 0.695081]
[-0.160533, 1.908688, 0.61356]
[-0.199016, 1.904306, 0.53422]
[-0.23159, 1.897655, 0.456489]
[-0.2427, 1.899282, 0.434335]
[-0.248343, 1.90323, 0.413835]
[-0.030894, 1.905587, 0.723313]
[-0.057719, 1.900509, 0.697113]
[-0.062419, 1.913473, 0.700722]
[-0.087367, 1.900616, 0.658558]
[-0.092446, 1.914594, 0.659229]
[-0.11773, 1.898688, 0.601546]
[-0.150981, 1.892823, 0.531947]
[-0.120084, 1.912066, 0.600926]
[-0.15242, 1.907779, 0.533776]
[-0.177189, 1.881287, 0.453936]
[-0.179302, 1.897456, 0.45717]
[-0.112329, 1.924589, 0.602325]
[-0.14088, 1.918127, 0.533415]
[-0.163959, 1.907698, 0.458081]
[-0.059663, 1.924734, 0.693227]
[-0.08612, 1.928398, 0.658254]
[-0.186103, 1.886539, 0.404487]
[-0.170192, 1.898391, 0.404503]
[-0.073315, 1.934805, 0.535709]
[-0.059803, 1.939541, 0.603435]
[-0.046489, 1.93879, 0.660822]
[-0.031378, 1.929082, 0.710598]
[-0.03187, 1.917898, 0.728406]
[-0.083463, 1.923575, 0.463088]
[-0.085485, 1.911246, 0.407162]
[-0.221625, 1.889974, 0.414216]
[-0.186421, 1.873199, 0.404431]
[-0.184103, 1.889064, 0.368536]
[-0.19127, 1.876735, 0.368562]
[-0.21975, 1.887177, 0.383568]
[-0.166081, 1.901685, 0.367889]
[-0.174644, 1.885671, 0.332278]
[-0.0852, 1.912391, 0.368447]
[-0.151475, 1.895381, 0.331089]
[-0.078348, 1.90482, 0.328361]
[-0.23325, 1.899597, 0.412765]
[-0.235907, 1.90343, 0.392245]
[-0.190365, 1.872717, 0.32811]
[-0.161614, 1.875302, 0.3032]
[-0.137791, 1.879272, 0.286299]
[-0.175354, 1.862968, 0.287863]
[-0.059534, 1.885079, 0.278486]
[-0.143367, 1.864421, 0.26672]
[-0.196381, 1.891348, 0.30176]
[-0.212667, 1.890784, 0.348691]
[-0.236013, 1.906166, 0.364858]
[-0.203197, 1.912391, 0.332483]
[-0.143241, 1.944819, 0.288285]
[-0.136728, 1.912747, 0.258183]
[-0.052362, 1.869011, 0.251558]
[-0.043267, 1.922816, 0.238616]
[-0.045281, 1.959369, 0.26572]
[-0.04571, 1.974814, 0.331323]
[-0.141824, 1.953006, 0.353174]
[-0.045357, 1.978807, 0.428442]
[-0.204046, 1.922452, 0.379842]
[-0.137378, 1.953125, 0.434325]
[-0.199145, 1.922605, 0.440814]
[-0.128639, 1.949996, 0.473263]
[-0.044501, 1.972998, 0.471526]
[-0.168019, 1.925886, 0.515556]
[-0.133232, 1.9252, 0.586128]
[-0.104733, 1.924761, 0.647576]
[-0.074306, 1.915792, 0.696996]
[-0.039082, 1.882374, 0.738772]
[-0.116935, 1.894482, 0.674065]
[-0.10936, 1.932021, 0.680778]
[-0.103247, 1.898587, 0.657156]
[-0.098512, 1.934591, 0.670423]
[-0.094772, 1.960624, 0.680425]
[-0.086405, 1.932285, 0.67296]
[-0.077356, 1.895991, 0.662483]
[0.091239, 1.885475, 0.703194]
[0.093857, 1.926593, 0.696224]
[0.069813, 1.890753, 0.685927]
[0.112024, 1.887906, 0.695792]
[0.081735, 1.928586, 0.686435]
[0.107671, 1.928025, 0.692427]
[-0.091239, 1.885475, 0.703194]
[-0.069813, 1.890753, 0.685927]
[-0.093857, 1.926593, 0.696224]
[-0.112024, 1.887906, 0.695792]
[-0.107671, 1.928025, 0.692427]
[-0.081735, 1.928586, 0.686435]
[0.147315, 1.918866, 0.669719]
[0.118671, 1.915719, 0.674365]
[0.137059, 1.888957, 0.650448]
[0.157497, 1.924235, 0.645277]
[0.14365, 1.891406, 0.636476]
[0.14207, 1.92578, 0.627349]
[0.121116, 1.888492, 0.653745]
[0.128312, 1.862582, 0.628119]
[0.113227, 1.89151, 0.640314]
[0.10183, 1.927563, 0.651873]
[0.117135, 1.927459, 0.627804]
[0.118487, 1.893049, 0.627858]
[0.134903, 1.8928, 0.626476]
[-0.147315, 1.918866, 0.669719]
[-0.137059, 1.888957, 0.650448]
[-0.118671, 1.915719, 0.674365]
[-0.157497, 1.924235, 0.645277]
[-0.121116, 1.888492, 0.653745]
[-0.14365, 1.891406, 0.636476]
[-0.14207, 1.92578, 0.627349]
[-0.128312, 1.862582, 0.628119]
[-0.134903, 1.8928, 0.626476]
[-0.117135, 1.927459, 0.627804]
[-0.118487, 1.893049, 0.627858]
[-0.113227, 1.89151, 0.640314]
[-0.10183, 1.927563, 0.651873]
[0.187103, 2.070245, 0.568919]
[0.219249, 2.070014, 0.524764]
[0.219698, 2.098136, 0.532968]
[0.18525, 2.085873, 0.566943]
[0.172457, 2.099163, 0.578018]
[0.202301, 2.132233, 0.548317]
[0.24706, 2.109272, 0.503024]
[0.228154, 2.158848, 0.523565]
[0.245525, 2.072025, 0.487096]
[0.269659, 2.122673, 0.473964]
[0.249875, 2.184951, 0.498152]
[0.268709, 2.076615, 0.45293]
[0.29002, 2.139124, 0.440807]
[0.270276, 2.21248, 0.468643]
[0.290045, 2.081936, 0.414909]
[0.298788, 2.086186, 0.380317]
[0.30213, 2.152825, 0.412603]
[0.283098, 2.236218, 0.43655]
[0.308813, 2.0947, 0.350266]
[0.294612, 2.25551, 0.402361]
[0.316723, 2.11931, 0.331704]
[0.312113, 2.171677, 0.377975]
[0.319087, 2.152444, 0.322821]
[0.304254, 2.261542, 0.369146]
[0.316207, 2.185076, 0.348889]
[0.319189, 2.197544, 0.328445]
[0.310081, 2.242774, 0.343433]
[-0.187103, 2.070245, 0.568919]
[-0.219249, 2.070014, 0.524764]
[-0.219698, 2.098136, 0.532968]
[-0.18525, 2.085873, 0.566943]
[-0.172457, 2.099163, 0.578018]
[-0.24706, 2.109272, 0.503024]
[-0.245525, 2.072025, 0.487096]
[-0.202301, 2.132233, 0.548317]
[-0.228154, 2.158848, 0.523565]
[-0.269659, 2.122673, 0.473964]
[-0.268709, 2.076615, 0.45293]
[-0.290045, 2.081936, 0.414909]
[-0.249875, 2.184951, 0.498152]
[-0.29002, 2.139124, 0.440807]
[-0.298788, 2.086186, 0.380317]
[-0.270276, 2.21248, 0.468643]
[-0.30213, 2.152825, 0.412603]
[-0.308813, 2.0947, 0.350266]
[-0.316723, 2.11931, 0.331704]
[-0.283098, 2.236218, 0.43655]
[-0.312113, 2.171677, 0.377975]
[-0.319087, 2.152444, 0.322821]
[-0.294612, 2.25551, 0.402361]
[-0.316207, 2.185076, 0.348889]
[-0.304254, 2.261542, 0.369146]
[-0.319189, 2.197544, 0.328445]
[-0.310081, 2.242774, 0.343433]
[0.0, 0.315346, 0.061752]
[0.0, 0.311193, -0.066384]
[0.086744, 0.320251, 0.059151]
[0.087003, 0.316149, -0.067125]
[0.0, 0.312933, -0.185153]
[0.170306, 0.342499, 0.051964]
[0.085611, 0.320009, -0.190779]
[0.0, 0.314653, -0.293116]
[0.168605, 0.335346, -0.069025]
[0.209022, 0.359501, 0.050154]
[0.085675, 0.321407, -0.293055]
[0.0, 0.318463, -0.415135]
[0.168156, 0.343459, -0.19093]
[0.216782, 0.360312, -0.066563]
[0.084466, 0.325791, -0.416296]
[0.0, 0.327198, -0.644388]
[0.168272, 0.349489, -0.296327]
[0.224522, 0.370619, -0.187304]
[0.080464, 0.333779, -0.645958]
[0.0, 0.337381, -0.842173]
[0.167623, 0.357066, -0.423354]
[0.233714, 0.409103, -0.283914]
[0.272491, 0.400794, -0.177005]
[0.250117, 0.38261, -0.053249]
[0.241187, 0.382438, 0.050139]
[0.302057, 0.44293, -0.260977]
[0.074314, 0.345272, -0.842427]
[0.151217, 0.367358, -0.653331]
[0.227657, 0.444635, -0.45134]
[0.309331, 0.548071, -0.377761]
[0.344762, 0.548168, -0.321386]
[0.138168, 0.377845, -0.844865]
[0.203486, 0.440197, -0.668307]
[0.268496, 0.536598, -0.488262]
[0.065447, 0.357358, -1.025771]
[0.0, 0.348158, -1.02554]
[0.124354, 0.386547, -1.026823]
[0.184281, 0.442438, -0.849917]
[0.231587, 0.520248, -0.685389]
[0.266647, 0.623969, -0.521005]
[0.331821, 0.696044, -0.375285]
[0.394762, 0.681518, -0.310609]
[0.058489, 0.37049, -1.207407]
[0.0, 0.362181, -1.207407]
[0.109673, 0.399087, -1.207478]
[0.166488, 0.440632, -1.029472]
[0.208448, 0.50993, -0.856643]
[0.22785, 0.59484, -0.697936]
[0.049936, 0.386547, -1.388069]
[0.0, 0.378557, -1.388069]
[0.094278, 0.411195, -1.388067]
[0.269606, 0.744703, -0.438973]
[0.234226, 0.692026, -0.551086]
[0.187807, 0.502282, -1.032475]
[0.206581, 0.579123, -0.862805]
[0.199381, 0.660618, -0.710827]
[0.126551, 0.446834, -1.388069]
[0.14756, 0.443032, -1.208656]
[0.166736, 0.49783, -1.209921]
[0.143416, 0.495623, -1.388067]
[0.041408, 0.400609, -1.570332]
[0.0, 0.393982, -1.570314]
[0.079692, 0.422285, -1.570317]
[0.106168, 0.453151, -1.570274]
[0.119542, 0.495691, -1.570279]
[0.382229, 0.820372, -0.276885]
[0.431612, 0.793745, -0.225747]
[0.312222, 0.847286, -0.337134]
[0.187896, 0.790527, -0.485475]
[0.218646, 0.883069, -0.388602]
[0.169794, 0.74816, -0.576115]
[0.186496, 0.564893, -1.035434]
[0.165371, 0.553745, -1.211095]
[0.14297, 0.544208, -1.388067]
[0.120011, 0.535699, -1.570241]
[0.181005, 0.641924, -0.869323]
[0.14957, 0.717664, -0.72133]
[0.032911, 0.420289, -1.759473]
[0.0, 0.414995, -1.759473]
[0.061935, 0.438239, -1.759473]
[0.083405, 0.463453, -1.759473]
[0.095169, 0.497053, -1.759473]
[0.095731, 0.529445, -1.759473]
[0.401013, 0.899307, -0.092423]
[0.443781, 0.859274, -0.059267]
[0.321866, 0.919152, -0.249207]
[0.22703, 0.952223, -0.325562]
[0.100162, 0.826645, -0.520581]
[0.115811, 0.90978, -0.427035]
[0.120051, 0.979066, -0.372494]
[0.09082, 0.788731, -0.594434]
[0.163258, 0.622991, -1.038194]
[0.134665, 0.693275, -0.874377]
[0.080404, 0.754085, -0.72836]
[0.023095, 0.44515, -1.949689]
[0.0, 0.441373, -1.950619]
[0.0435, 0.456143, -1.949686]
[0.017147, 0.47419, -2.13787]
[0.0, 0.471635, -2.13787]
[0.313334, 1.004445, -0.193197]
[0.222062, 1.034928, -0.273535]
[0.118039, 1.057161, -0.324962]
[0.216579, 1.112777, -0.232606]
[-0.0, 0.99108, -0.388882]
[-0.0, 0.924347, -0.442115]
[-0.0, 0.838878, -0.529768]
[0.0, 0.801439, -0.599249]
[0.0, 0.765754, -0.730644]
[0.072431, 0.726277, -0.877816]
[0.0, 0.73756, -0.87885]
[0.121253, 0.668454, -1.040049]
[0.065309, 0.699148, -1.040816]
[0.107383, 0.647766, -1.211357]
[0.0, 0.709518, -1.040808]
[0.0, 0.684149, -1.211585]
[0.057932, 0.674406, -1.212032]
[0.0, 0.658536, -1.388067]
[0.050795, 0.650039, -1.388067]
[0.0, 0.633103, -1.570182]
[-0.0, 1.066241, -0.34336]
[0.114163, 1.134001, -0.284122]
[-0.0, 1.140153, -0.304173]
[-0.0, 1.205243, -0.270111]
[0.144492, 0.605765, -1.211136]
[0.093785, 0.626024, -1.388067]
[0.125769, 0.589384, -1.388067]
[0.043277, 0.625124, -1.570195]
[0.0796, 0.604779, -1.570167]
[0.106214, 0.573341, -1.57018]
[0.0, 0.608084, -1.759473]
[0.034871, 0.601957, -1.759473]
[0.06369, 0.585277, -1.759473]
[0.084848, 0.560067, -1.759473]
[0.063304, 0.547802, -1.949686]
[0.047349, 0.567548, -1.949689]
[0.025462, 0.580799, -1.949689]
[0.0, 0.585724, -1.949691]
[0.0, 0.562323, -2.13787]
[0.210372, 1.177869, -0.20168]
[0.110683, 1.197562, -0.251717]
[0.04143, 0.539849, -2.13787]
[0.030907, 0.551772, -2.13787]
[0.017147, 0.55977, -2.13787]
[0.008678, 0.541459, -2.29014]
[0.0, 0.541429, -2.292134]
[0.013901, 0.537007, -2.292192]
[0.0, 0.526986, -2.310661]
[0.019244, 0.532572, -2.290361]
[0.019951, 0.525838, -2.293318]
[0.046763, 0.525092, -2.13787]
[0.071516, 0.523811, -1.949686]
[0.0, 0.517675, -2.310661]
[0.019951, 0.51877, -2.293318]
[0.046763, 0.508869, -2.13787]
[0.019245, 0.512036, -2.290361]
[0.071093, 0.49813, -1.949686]
[0.04143, 0.494111, -2.13787]
[0.060852, 0.474833, -1.949686]
[0.030907, 0.482186, -2.13787]
[0.013901, 0.507601, -2.292192]
[0.008678, 0.503149, -2.29014]
[0.0, 0.503179, -2.292134]
[0.428026, 0.88409, 0.073925]
[0.442217, 0.833138, 0.085333]
[0.405714, 0.821723, 0.216309]
[0.410893, 0.76677, 0.209939]
[0.407845, 0.945617, 0.066191]
[0.401731, 0.886846, 0.205449]
[0.349555, 0.702267, 0.316525]
[0.356514, 0.637946, 0.284145]
[0.369123, 0.819688, 0.304335]
[0.392537, 0.97677, 0.191099]
[0.369926, 0.935403, 0.288961]
[0.380558, 0.978906, -0.072732]
[0.391274, 1.021105, 0.069856]
[0.323131, 0.781957, 0.383032]
[0.329542, 0.902086, 0.377977]
[0.379768, 1.063318, 0.182208]
[0.360083, 1.03839, 0.27702]
[0.31832, 1.009957, 0.371318]
[0.30353, 1.088481, -0.154997]
[0.364277, 1.058753, -0.052987]
[0.376276, 1.092286, 0.077717]
[0.352397, 1.12254, -0.034237]
[0.294782, 1.152027, -0.130102]
[0.296349, 0.553583, 0.318359]
[0.32609, 0.558846, 0.29703]
[0.286461, 0.467535, 0.255808]
[0.300231, 0.669239, 0.382587]
[0.240546, 0.983364, 0.45146]
[0.251542, 0.875528, 0.454848]
[0.248715, 0.758005, 0.450144]
[0.344058, 1.116221, 0.272057]
[0.299629, 1.09919, 0.362816]
[0.224773, 1.080132, 0.441175]
[0.36515, 1.133653, 0.184884]
[0.363385, 1.154338, 0.08978]
[0.340655, 1.181854, -0.016523]
[0.285892, 1.211915, -0.105967]
[0.203534, 1.239449, -0.172445]
[0.10677, 1.259426, -0.220477]
[-0.0, 1.267501, -0.238185]
[0.1012, 1.324453, -0.187209]
[-0.0, 1.332156, -0.204289]
[0.261015, 0.460106, 0.268298]
[0.258158, 0.405163, 0.167739]
[0.261351, 0.544736, 0.352138]
[0.22854, 0.642757, 0.435874]
[0.132769, 0.960313, 0.517487]
[0.124494, 1.063023, 0.505551]
[0.111327, 1.163145, 0.482346]
[0.139662, 0.853793, 0.517314]
[0.136557, 0.733478, 0.504736]
[0.227923, 0.388879, 0.178369]
[0.220691, 0.446474, 0.298298]
[0.187253, 0.37545, 0.19292]
[0.200011, 0.530403, 0.382466]
[0.170707, 0.435397, 0.316814]
[0.125089, 0.624573, 0.474327]
[0.101837, 0.514162, 0.414962]
[-0.0, 1.160183, 0.499514]
[-0.0, 1.272088, 0.466534]
[-0.111327, 1.163145, 0.482346]
[-0.0, 1.057008, 0.521259]
[-0.124494, 1.063023, 0.505551]
[-0.224773, 1.080132, 0.441175]
[-0.0, 0.95152, 0.532549]
[-0.132769, 0.960313, 0.517487]
[-0.240546, 0.983364, 0.45146]
[-0.0, 0.838868, 0.533949]
[-0.139662, 0.853793, 0.517314]
[-0.251542, 0.875528, 0.454848]
[-0.0, 0.717624, 0.522018]
[-0.0, 0.611701, 0.488224]
[-0.0, 0.505958, 0.425122]
[0.089554, 0.423024, 0.33162]
[0.0, 0.416867, 0.338846]
[0.0, 0.352481, 0.220132]
[0.145991, 0.367848, 0.203364]
[0.086918, 0.358999, 0.214395]
[0.0, 0.326426, 0.149217]
[0.087474, 0.33371, 0.139705]
[0.142074, 0.345707, 0.134379]
[-0.31832, 1.009957, 0.371318]
[-0.299629, 1.09919, 0.362816]
[-0.329542, 0.902086, 0.377977]
[-0.136557, 0.733478, 0.504736]
[-0.248715, 0.758005, 0.450144]
[-0.323131, 0.781957, 0.383032]
[-0.360083, 1.03839, 0.27702]
[-0.344058, 1.116221, 0.272057]
[-0.369926, 0.935403, 0.288961]
[-0.369123, 0.819688, 0.304335]
[-0.125089, 0.624573, 0.474327]
[-0.22854, 0.642757, 0.435874]
[-0.300231, 0.669239, 0.382587]
[-0.349555, 0.702267, 0.316525]
[-0.379768, 1.063318, 0.182208]
[-0.36515, 1.133653, 0.184884]
[-0.392537, 0.97677, 0.191099]
[-0.401731, 0.886846, 0.205449]
[-0.405714, 0.821723, 0.216309]
[-0.101837, 0.514162, 0.414962]
[-0.200011, 0.530403, 0.382466]
[-0.261351, 0.544736, 0.352138]
[-0.296349, 0.553583, 0.318359]
[-0.376276, 1.092286, 0.077717]
[-0.363385, 1.154338, 0.08978]
[-0.391274, 1.021105, 0.069856]
[-0.407845, 0.945617, 0.066191]
[-0.428026, 0.88409, 0.073925]
[-0.089554, 0.423024, 0.33162]
[-0.170707, 0.435397, 0.316814]
[-0.220691, 0.446474, 0.298298]
[-0.261015, 0.460106, 0.268298]
[-0.410893, 0.76677, 0.209939]
[-0.356514, 0.637946, 0.284145]
[-0.32609, 0.558846, 0.29703]
[-0.286461, 0.467535, 0.255808]
[-0.258158, 0.405163, 0.167739]
[-0.227923, 0.388879, 0.178369]
[-0.241187, 0.382438, 0.050139]
[-0.209022, 0.359501, 0.050154]
[-0.187253, 0.37545, 0.19292]
[-0.170306, 0.342499, 0.051964]
[-0.145991, 0.367848, 0.203364]
[-0.142074, 0.345707, 0.134379]
[-0.086744, 0.320251, 0.059151]
[-0.087474, 0.33371, 0.139705]
[-0.086918, 0.358999, 0.214395]
[-0.442217, 0.833138, 0.085333]
[-0.443781, 0.859274, -0.059267]
[-0.401013, 0.899307, -0.092423]
[-0.431612, 0.793745, -0.225747]
[-0.382229, 0.820372, -0.276885]
[-0.394762, 0.681518, -0.310609]
[-0.331821, 0.696044, -0.375285]
[-0.344762, 0.548168, -0.321386]
[-0.321866, 0.919152, -0.249207]
[-0.312222, 0.847286, -0.337134]
[-0.380558, 0.978906, -0.072732]
[-0.313334, 1.004445, -0.193197]
[-0.22703, 0.952223, -0.325562]
[-0.222062, 1.034928, -0.273535]
[-0.364277, 1.058753, -0.052987]
[-0.30353, 1.088481, -0.154997]
[-0.352397, 1.12254, -0.034237]
[-0.340655, 1.181854, -0.016523]
[-0.294782, 1.152027, -0.130102]
[-0.285892, 1.211915, -0.105967]
[-0.216579, 1.112777, -0.232606]
[-0.210372, 1.177869, -0.20168]
[-0.203534, 1.239449, -0.172445]
[-0.118039, 1.057161, -0.324962]
[-0.114163, 1.134001, -0.284122]
[-0.110683, 1.197562, -0.251717]
[-0.10677, 1.259426, -0.220477]
[-0.120051, 0.979066, -0.372494]
[-0.218646, 0.883069, -0.388602]
[-0.115811, 0.90978, -0.427035]
[-0.1012, 1.324453, -0.187209]
[-0.269606, 0.744703, -0.438973]
[-0.187896, 0.790527, -0.485475]
[-0.100162, 0.826645, -0.520581]
[-0.266647, 0.623969, -0.521005]
[-0.234226, 0.692026, -0.551086]
[-0.169794, 0.74816, -0.576115]
[-0.09082, 0.788731, -0.594434]
[-0.22785, 0.59484, -0.697936]
[-0.199381, 0.660618, -0.710827]
[-0.14957, 0.717664, -0.72133]
[-0.080404, 0.754085, -0.72836]
[-0.206581, 0.579123, -0.862805]
[-0.181005, 0.641924, -0.869323]
[-0.134665, 0.693275, -0.874377]
[-0.072431, 0.726277, -0.877816]
[-0.231587, 0.520248, -0.685389]
[-0.208448, 0.50993, -0.856643]
[-0.163258, 0.622991, -1.038194]
[-0.121253, 0.668454, -1.040049]
[-0.065309, 0.699148, -1.040816]
[-0.107383, 0.647766, -1.211357]
[-0.057932, 0.674406, -1.212032]
[-0.050795, 0.650039, -1.388067]
[-0.186496, 0.564893, -1.035434]
[-0.144492, 0.605765, -1.211136]
[-0.093785, 0.626024, -1.388067]
[-0.043277, 0.625124, -1.570195]
[-0.187807, 0.502282, -1.032475]
[-0.165371, 0.553745, -1.211095]
[-0.125769, 0.589384, -1.388067]
[-0.0796, 0.604779, -1.570167]
[-0.034871, 0.601957, -1.759473]
[-0.184281, 0.442438, -0.849917]
[-0.166488, 0.440632, -1.029472]
[-0.166736, 0.49783, -1.209921]
[-0.14297, 0.544208, -1.388067]
[-0.106214, 0.573341, -1.57018]
[-0.06369, 0.585277, -1.759473]
[-0.14756, 0.443032, -1.208656]
[-0.143416, 0.495623, -1.388067]
[-0.120011, 0.535699, -1.570241]
[-0.084848, 0.560067, -1.759473]
[-0.025462, 0.580799, -1.949689]
[-0.047349, 0.567548, -1.949689]
[-0.063304, 0.547802, -1.949686]
[-0.095731, 0.529445, -1.759473]
[-0.119542, 0.495691, -1.570279]
[-0.126551, 0.446834, -1.388069]
[-0.109673, 0.399087, -1.207478]
[-0.124354, 0.386547, -1.026823]
[-0.017147, 0.55977, -2.13787]
[-0.030907, 0.551772, -2.13787]
[-0.008678, 0.541459, -2.29014]
[-0.013901, 0.537007, -2.292192]
[-0.04143, 0.539849, -2.13787]
[-0.019244, 0.532572, -2.290361]
[-0.046763, 0.525092, -2.13787]
[-0.019951, 0.525838, -2.293318]
[-0.019951, 0.51877, -2.293318]
[-0.071516, 0.523811, -1.949686]
[-0.046763, 0.508869, -2.13787]
[-0.019245, 0.512036, -2.290361]
[-0.095169, 0.497053, -1.759473]
[-0.071093, 0.49813, -1.949686]
[-0.04143, 0.494111, -2.13787]
[-0.106168, 0.453151, -1.570274]
[-0.083405, 0.463453, -1.759473]
[-0.060852, 0.474833, -1.949686]
[-0.030907, 0.482186, -2.13787]
[-0.013901, 0.507601, -2.292192]
[-0.008678, 0.503149, -2.29014]
[-0.017147, 0.47419, -2.13787]
[-0.0435, 0.456143, -1.949686]
[-0.023095, 0.44515, -1.949689]
[-0.032911, 0.420289, -1.759473]
[-0.061935, 0.438239, -1.759473]
[-0.041408, 0.400609, -1.570332]
[-0.079692, 0.422285, -1.570317]
[-0.094278, 0.411195, -1.388067]
[-0.049936, 0.386547, -1.388069]
[-0.058489, 0.37049, -1.207407]
[-0.065447, 0.357358, -1.025771]
[-0.074314, 0.345272, -0.842427]
[-0.138168, 0.377845, -0.844865]
[-0.080464, 0.333779, -0.645958]
[-0.151217, 0.367358, -0.653331]
[-0.203486, 0.440197, -0.668307]
[-0.084466, 0.325791, -0.416296]
[-0.167623, 0.357066, -0.423354]
[-0.227657, 0.444635, -0.45134]
[-0.268496, 0.536598, -0.488262]
[-0.309331, 0.548071, -0.377761]
[-0.302057, 0.44293, -0.260977]
[-0.233714, 0.409103, -0.283914]
[-0.272491, 0.400794, -0.177005]
[-0.168272, 0.349489, -0.296327]
[-0.224522, 0.370619, -0.187304]
[-0.085675, 0.321407, -0.293055]
[-0.168156, 0.343459, -0.19093]
[-0.216782, 0.360312, -0.066563]
[-0.250117, 0.38261, -0.053249]
[-0.085611, 0.320009, -0.190779]
[-0.168605, 0.335346, -0.069025]
[-0.087003, 0.316149, -0.067125]
[0.249925, 0.34785, 0.069575]
[0.263789, 0.377081, 0.186455]
[0.262644, 0.317236, 0.079421]
[0.277762, 0.345483, 0.189589]
[0.298635, 0.437609, 0.282097]
[0.316461, 0.397693, 0.288407]
[0.301356, 0.307978, 0.177702]
[0.286482, 0.285582, 0.07672]
[0.340009, 0.348531, 0.272971]
[0.34925, 0.522986, 0.334856]
[0.375846, 0.473873, 0.355915]
[0.402382, 0.413012, 0.349395]
[0.330439, 0.259745, 0.167373]
[0.313875, 0.246663, 0.075137]
[0.371734, 0.284315, 0.255742]
[0.438318, 0.323949, 0.323819]
[0.390611, 0.588963, 0.325943]
[0.425831, 0.537121, 0.35131]
[0.463969, 0.466009, 0.347475]
[0.51119, 0.362608, 0.336426]
[0.360652, 0.203713, 0.150176]
[0.340959, 0.20365, 0.069052]
[0.405305, 0.212133, 0.225326]
[0.472727, 0.231091, 0.270068]
[0.542229, 0.255356, 0.282463]
[0.454647, 0.693001, 0.258465]
[0.501617, 0.619681, 0.294231]
[0.551195, 0.523204, 0.302773]
[0.598419, 0.407093, 0.301742]
[0.620398, 0.28736, 0.263903]
[0.381645, 0.147322, 0.127535]
[0.356464, 0.156676, 0.056193]
[0.364833, 0.110408, 0.044589]
[0.429118, 0.147805, 0.191708]
[0.395455, 0.091232, 0.116621]
[0.493509, 0.161445, 0.224903]
[0.558234, 0.180571, 0.236472]
[0.624766, 0.208531, 0.217041]
[0.495386, 0.767817, 0.148468]
[0.56119, 0.683293, 0.201195]
[0.620062, 0.571861, 0.221793]
[0.666793, 0.444406, 0.237414]
[0.674657, 0.313726, 0.215665]
[0.670563, 0.23137, 0.175429]
[0.704045, 0.34036, 0.130155]
[0.696283, 0.467208, 0.12809]
[0.65582, 0.593021, 0.099619]
[0.595833, 0.707926, 0.063512]
[0.518015, 0.798352, -0.004531]
[0.399209, 0.054332, 0.108319]
[0.366042, 0.073215, 0.030827]
[0.449697, 0.088028, 0.178836]
[0.468206, 0.044954, 0.184359]
[0.511579, 0.100945, 0.2087]
[0.528579, 0.068684, 0.203172]
[0.571134, 0.118069, 0.213353]
[0.582417, 0.085752, 0.202828]
[0.628124, 0.145381, 0.185756]
[0.639948, 0.110153, 0.174943]
[0.663753, 0.165384, 0.146188]
[0.67214, 0.126533, 0.135454]
[0.695084, 0.252995, 0.109668]
[0.682772, 0.18414, 0.088065]
[0.694101, 0.136507, 0.070949]
[0.687654, 0.350964, 0.029431]
[0.681563, 0.267305, 0.026783]
[0.669653, 0.19953, 0.009556]
[0.674322, 0.161957, -0.015701]
[0.582239, 0.678094, -0.080836]
[0.513657, 0.754675, -0.149535]
[0.680349, 0.457652, 0.010757]
[0.638216, 0.571398, -0.027676]
[0.638947, 0.337599, -0.051264]
[0.629953, 0.4183, -0.082778]
[0.596377, 0.506819, -0.128122]
[0.544987, 0.592628, -0.189321]
[0.471155, 0.655676, -0.258094]
[0.470047, 0.477022, -0.23073]
[0.51689, 0.419072, -0.178211]
[0.548292, 0.359019, -0.127598]
[0.405709, 0.521432, -0.282705]
[0.350202, 0.422722, -0.242649]
[0.395907, 0.387066, -0.209442]
[0.298841, 0.370505, -0.16208]
[0.43545, 0.347919, -0.171305]
[0.327868, 0.337584, -0.142175]
[0.265402, 0.350398, -0.041334]
[0.284599, 0.318587, -0.033106]
[0.358221, 0.30431, -0.118675]
[0.309829, 0.285542, -0.025015]
[0.459323, 0.308872, -0.124307]
[0.386174, 0.272578, -0.083521]
[0.33637, 0.251556, -0.013466]
[0.561701, 0.303052, -0.102581]
[0.476133, 0.268765, -0.09593]
[0.405577, 0.238695, -0.068742]
[0.357335, 0.215784, -0.009393]
[0.633735, 0.265006, -0.043057]
[0.561236, 0.250104, -0.090527]
[0.627123, 0.206007, -0.059965]
[0.630532, 0.171764, -0.088626]
[0.558442, 0.202151, -0.106531]
[0.556758, 0.166159, -0.135556]
[0.480532, 0.226317, -0.098415]
[0.481203, 0.185929, -0.120164]
[0.412651, 0.200838, -0.068952]
[0.367876, 0.176567, -0.015127]
[0.413499, 0.162619, -0.085031]
[0.371152, 0.137118, -0.028047]
[0.370098, 0.099354, -0.045648]
[0.412163, 0.126113, -0.105931]
[0.480202, 0.150467, -0.141517]
[0.361445, 0.024646, 0.00994]
[0.366029, 0.052624, -0.07154]
[0.369446, -0.01271, -0.009602]
[0.374653, 0.017384, -0.086863]
[0.415277, 0.079219, -0.128729]
[0.422313, 0.04716, -0.140888]
[0.489722, 0.077755, -0.177135]
[0.484348, 0.108041, -0.163467]
[0.561475, 0.095999, -0.181446]
[0.558957, 0.12531, -0.166177]
[0.643049, 0.101243, -0.141243]
[0.642165, 0.132266, -0.123263]
[0.718604, 0.091261, -0.070767]
[0.709424, 0.123174, -0.05398]
[0.781467, 0.104041, 0.039626]
[0.796242, 0.071241, 0.024119]
[0.757057, 0.105142, 0.145098]
[0.812957, 0.082374, 0.109218]
[0.834184, 0.052442, 0.092167]
[0.844039, 0.032858, 0.143039]
[0.82087, 0.067442, 0.160994]
[0.764281, -0.01346, 0.213416]
[0.703377, 0.093089, 0.18061]
[0.772051, 0.081206, 0.184413]
[0.743153, 0.027539, 0.223059]
[0.728736, 0.058674, 0.209784]
[0.666044, 0.079874, 0.205487]
[0.692417, 0.046351, 0.237527]
[0.730613, -0.030794, 0.239346]
[0.710204, 0.014099, 0.24559]
[0.675279, -0.05439, 0.265115]
[0.659072, -0.008427, 0.271257]
[0.632996, -0.071897, 0.280723]
[0.636465, 0.024123, 0.2616]
[0.611921, -0.028369, 0.284457]
[0.607187, 0.055648, 0.230337]
[0.597629, 0.002607, 0.271074]
[0.560916, 0.036672, 0.239411]
[0.551944, -0.009426, 0.278981]
[0.527921, -0.056478, 0.301084]
[0.532346, -0.104551, 0.301257]
[0.492699, -0.096682, 0.262202]
[0.494454, -0.053564, 0.268793]
[0.440759, -0.079718, 0.193023]
[0.518127, 0.008029, 0.250101]
[0.440393, -0.03809, 0.202722]
[0.393469, -0.043417, 0.080457]
[0.389197, -0.00194, 0.093658]
[-0.249925, 0.34785, 0.069575]
[-0.263789, 0.377081, 0.186455]
[-0.262644, 0.317236, 0.079421]
[-0.298635, 0.437609, 0.282097]
[-0.277762, 0.345483, 0.189589]
[-0.316461, 0.397693, 0.288407]
[-0.34925, 0.522986, 0.334856]
[-0.375846, 0.473873, 0.355915]
[-0.301356, 0.307978, 0.177702]
[-0.286482, 0.285582, 0.07672]
[-0.34001, 0.348531, 0.272971]
[-0.402382, 0.413012, 0.349395]
[-0.390611, 0.588962, 0.325943]
[-0.425831, 0.537121, 0.35131]
[-0.463969, 0.466009, 0.347475]
[-0.330439, 0.259745, 0.167373]
[-0.313875, 0.246663, 0.075137]
[-0.371734, 0.284315, 0.255742]
[-0.438318, 0.323949, 0.323819]
[-0.51119, 0.362608, 0.336426]
[-0.454647, 0.693001, 0.258465]
[-0.501617, 0.619681, 0.294231]
[-0.551195, 0.523204, 0.302773]
[-0.598419, 0.407093, 0.301742]
[-0.360652, 0.203713, 0.150176]
[-0.340959, 0.20365, 0.069052]
[-0.405305, 0.212133, 0.225326]
[-0.472727, 0.231091, 0.270068]
[-0.542229, 0.255356, 0.282463]
[-0.620398, 0.28736, 0.263903]
[-0.495386, 0.767817, 0.148468]
[-0.56119, 0.683293, 0.201195]
[-0.620062, 0.571861, 0.221793]
[-0.666793, 0.444406, 0.237414]
[-0.674657, 0.313726, 0.215665]
[-0.381645, 0.147322, 0.127535]
[-0.356464, 0.156676, 0.056193]
[-0.364833, 0.110408, 0.044589]
[-0.429118, 0.147805, 0.191708]
[-0.395455, 0.091232, 0.116621]
[-0.493509, 0.161445, 0.224903]
[-0.558234, 0.180571, 0.236472]
[-0.624766, 0.208531, 0.217041]
[-0.670563, 0.23137, 0.175429]
[-0.704045, 0.34036, 0.130155]
[-0.696283, 0.467208, 0.12809]
[-0.65582, 0.593021, 0.099619]
[-0.595833, 0.707926, 0.063512]
[-0.518015, 0.798352, -0.004531]
[-0.399209, 0.054332, 0.108319]
[-0.366042, 0.073215, 0.030827]
[-0.449697, 0.088028, 0.178836]
[-0.468206, 0.044954, 0.184359]
[-0.511579, 0.100945, 0.2087]
[-0.528579, 0.068684, 0.203172]
[-0.571134, 0.118069, 0.213353]
[-0.582417, 0.085752, 0.202828]
[-0.628124, 0.145381, 0.185756]
[-0.639948, 0.110153, 0.174943]
[-0.663753, 0.165385, 0.146188]
[-0.67214, 0.126533, 0.135454]
[-0.695084, 0.252995, 0.109668]
[-0.682772, 0.18414, 0.088065]
[-0.694101, 0.136507, 0.070949]
[-0.687654, 0.350965, 0.029431]
[-0.681563, 0.267305, 0.026783]
[-0.669653, 0.19953, 0.009556]
[-0.674322, 0.161957, -0.015701]
[-0.582239, 0.678094, -0.080836]
[-0.513657, 0.754675, -0.149535]
[-0.680349, 0.457652, 0.010757]
[-0.638216, 0.571398, -0.027676]
[-0.638947, 0.337599, -0.051264]
[-0.629953, 0.4183, -0.082778]
[-0.596377, 0.506819, -0.128122]
[-0.544987, 0.592628, -0.189321]
[-0.471155, 0.655676, -0.258094]
[-0.470047, 0.477022, -0.23073]
[-0.51689, 0.419072, -0.178211]
[-0.548292, 0.359019, -0.127598]
[-0.405709, 0.521432, -0.282705]
[-0.350202, 0.422722, -0.242649]
[-0.395907, 0.387066, -0.209442]
[-0.298841, 0.370505, -0.16208]
[-0.43545, 0.347919, -0.171305]
[-0.327868, 0.337584, -0.142175]
[-0.265402, 0.350398, -0.041334]
[-0.284599, 0.318587, -0.033106]
[-0.358221, 0.30431, -0.118675]
[-0.309829, 0.285542, -0.025015]
[-0.459323, 0.308872, -0.124307]
[-0.386174, 0.272578, -0.083521]
[-0.33637, 0.251556, -0.013466]
[-0.561701, 0.303052, -0.102581]
[-0.476133, 0.268765, -0.09593]
[-0.405577, 0.238695, -0.068742]
[-0.357335, 0.215784, -0.009393]
[-0.633735, 0.265006, -0.043057]
[-0.561236, 0.250104, -0.090527]
[-0.627123, 0.206007, -0.059965]
[-0.630532, 0.171764, -0.088626]
[-0.558442, 0.202151, -0.106531]
[-0.556758, 0.166159, -0.135556]
[-0.480532, 0.226317, -0.098415]
[-0.481203, 0.185929, -0.120164]
[-0.412651, 0.200838, -0.068952]
[-0.367876, 0.176567, -0.015127]
[-0.413499, 0.162619, -0.085031]
[-0.371152, 0.137118, -0.028047]
[-0.370098, 0.099354, -0.045648]
[-0.412163, 0.126113, -0.105931]
[-0.480202, 0.150467, -0.141517]
[-0.361445, 0.024646, 0.00994]
[-0.366029, 0.052624, -0.07154]
[-0.369446, -0.01271, -0.009602]
[-0.374653, 0.017384, -0.086863]
[-0.415277, 0.079219, -0.128729]
[-0.422313, 0.04716, -0.140888]
[-0.489722, 0.077755, -0.177134]
[-0.484348, 0.108041, -0.163467]
[-0.561475, 0.095999, -0.181446]
[-0.558958, 0.12531, -0.166177]
[-0.643049, 0.101243, -0.141243]
[-0.642165, 0.132266, -0.123263]
[-0.718604, 0.091261, -0.070767]
[-0.709424, 0.123174, -0.05398]
[-0.781467, 0.104041, 0.039626]
[-0.796242, 0.071241, 0.024119]
[-0.757057, 0.105142, 0.145098]
[-0.812957, 0.082374, 0.109218]
[-0.834184, 0.052442, 0.092167]
[-0.844039, 0.032858, 0.143039]
[-0.82087, 0.067442, 0.160994]
[-0.764281, -0.01346, 0.213416]
[-0.703377, 0.093089, 0.18061]
[-0.772051, 0.081206, 0.184413]
[-0.743153, 0.027539, 0.223059]
[-0.728736, 0.058674, 0.209784]
[-0.666044, 0.079874, 0.205486]
[-0.692417, 0.046351, 0.237527]
[-0.730613, -0.030794, 0.239346]
[-0.710204, 0.014099, 0.24559]
[-0.675279, -0.05439, 0.265115]
[-0.659072, -0.008427, 0.271257]
[-0.632996, -0.071897, 0.280723]
[-0.636466, 0.024123, 0.2616]
[-0.611922, -0.028369, 0.284457]
[-0.607187, 0.055648, 0.230337]
[-0.597629, 0.002607, 0.271074]
[-0.560916, 0.036672, 0.239411]
[-0.551944, -0.009426, 0.278981]
[-0.527921, -0.056478, 0.301084]
[-0.532346, -0.104551, 0.301257]
[-0.492699, -0.096682, 0.262202]
[-0.494454, -0.053564, 0.268793]
[-0.440759, -0.079718, 0.193023]
[-0.518127, 0.008029, 0.250101]
[-0.440393, -0.03809, 0.202722]
[-0.393469, -0.043417, 0.080457]
[-0.389197, -0.00194, 0.093658]
[0.668312, 0.031794, 0.245541]
[0.636907, 1.5e-05, 0.253849]
[0.706018, 0.000493, 0.302715]
[0.707796, 0.029291, 0.223181]
[0.733524, -0.007476, 0.287388]
[0.733366, 0.01386, 0.204722]
[0.687845, -0.026247, 0.306918]
[0.622508, -0.031984, 0.25283]
[0.732163, -0.028786, 0.334043]
[0.752856, -0.029189, 0.270711]
[0.748711, -0.016003, 0.188262]
[0.747804, -0.037602, 0.326212]
[0.679036, -0.057185, 0.302854]
[0.622648, -0.067853, 0.242281]
[0.723862, -0.047453, 0.336479]
[0.743346, -0.043515, 0.346502]
[0.756539, -0.064837, 0.357383]
[0.721238, -0.069389, 0.334452]
[0.682292, -0.082113, 0.293995]
[0.685576, -0.041502, 0.215431]
[0.722902, -0.068146, 0.276055]
[0.723351, -0.087092, 0.329738]
[0.743549, -0.07909, 0.31462]
[0.77023, -0.090619, 0.36529]
[0.764596, -0.079141, 0.362588]
[0.761174, -0.052909, 0.317208]
[0.768078, -0.068724, 0.310645]
[0.762371, -0.049347, 0.260096]
[0.555394, -4.1e-05, 0.258293]
[0.519529, -0.027562, 0.253649]
[0.569369, -0.039225, 0.321056]
[0.599336, -0.006802, 0.248883]
[0.599186, -0.050106, 0.31416]
[0.627448, -0.02463, 0.237731]
[0.547842, -0.063377, 0.31702]
[0.512529, -0.057234, 0.251297]
[0.580801, -0.073448, 0.355989]
[0.620141, -0.073377, 0.302214]
[0.643628, -0.055423, 0.22402]
[0.596986, -0.08392, 0.352504]
[0.53864, -0.094486, 0.30686]
[0.51183, -0.092173, 0.238]
[0.570065, -0.09089, 0.354033]
[0.585734, -0.090219, 0.369834]
[0.592295, -0.113705, 0.382184]
[0.565701, -0.112114, 0.349273]
[0.540238, -0.117179, 0.297879]
[0.572686, -0.073456, 0.228134]
[0.585747, -0.10804, 0.294536]
[0.567136, -0.129666, 0.343799]
[0.59184, -0.123751, 0.336359]
[0.599747, -0.141514, 0.391444]
[0.596608, -0.129239, 0.388236]
[0.610651, -0.100434, 0.346619]
[0.617398, -0.116685, 0.341025]
[0.630121, -0.094069, 0.293169]
[0.749816, 0.080023, 0.174741]
[0.727143, 0.045751, 0.194149]
[0.807052, 0.058725, 0.218718]
[0.780565, 0.080013, 0.141278]
[0.829452, 0.05259, 0.196002]
[0.801182, 0.06598, 0.116562]
[0.794804, 0.030679, 0.229816]
[0.717697, 0.012355, 0.199386]
[0.845205, 0.035773, 0.241703]
[0.845599, 0.031791, 0.175266]
[0.814773, 0.036685, 0.097712]
[0.858817, 0.028139, 0.229856]
[0.790707, -0.002997, 0.22907]
[0.71959, -0.024081, 0.191229]
[0.840666, 0.016619, 0.247666]
[0.861568, 0.02367, 0.250803]
[0.880232, 0.005138, 0.258089]
[0.840676, -0.005594, 0.24776]
[0.793465, -0.026439, 0.222201]
[0.76723, 0.006093, 0.144374]
[0.824385, -0.009688, 0.191787]
[0.843826, -0.023361, 0.243446]
[0.857169, -0.014613, 0.222467]
[0.899216, -0.018164, 0.262654]
[0.891484, -0.007683, 0.261277]
[0.870874, 0.013621, 0.217982]
[0.87757, -0.001839, 0.210423]
[0.854121, 0.011963, 0.163276]
[0.638035, -0.091796, 0.2648]
[0.678139, -0.075864, 0.248831]
[0.533557, -0.125678, 0.287561]
[0.598726, -0.076665, 0.200978]
[0.494894, -0.121519, 0.250799]
[0.450693, -0.094616, 0.182498]
[0.733547, -0.052545, 0.223532]
[0.729948, -0.020717, 0.139926]
[0.766465, -0.034806, 0.198894]
[0.849503, 0.013712, 0.12747]
[0.838594, 0.030268, 0.08019]
[0.683527, 0.004269, 0.074918]
[0.797237, 0.053182, 0.017642]
[0.719844, 0.071775, -0.074842]
[0.556773, -0.047523, 0.131839]
[0.616582, 0.028513, -0.025759]
[0.643524, 0.081309, -0.143743]
[0.404264, -0.059526, 0.072819]
[0.503753, -0.017722, 0.025245]
[0.549976, 0.044986, -0.106549]
[0.565231, 0.077546, -0.182074]
[0.497573, 0.059893, -0.17653]
[0.432074, 0.030907, -0.140632]
[0.465844, 0.007769, -0.061729]
[0.38991, 0.002041, -0.09161]
[0.381833, -0.029668, -0.017386]
[-0.668312, 0.031794, 0.245541]
[-0.706018, 0.000493, 0.302715]
[-0.636908, 1.5e-05, 0.253849]
[-0.707796, 0.029291, 0.223181]
[-0.687845, -0.026247, 0.306918]
[-0.622508, -0.031984, 0.25283]
[-0.733524, -0.007476, 0.287388]
[-0.733367, 0.01386, 0.204722]
[-0.732163, -0.028786, 0.334043]
[-0.679036, -0.057185, 0.302854]
[-0.622648, -0.067853, 0.242281]
[-0.723862, -0.047453, 0.336479]
[-0.752856, -0.029189, 0.270711]
[-0.748711, -0.016003, 0.188262]
[-0.747804, -0.037602, 0.326212]
[-0.743346, -0.043515, 0.346502]
[-0.756539, -0.064837, 0.357383]
[-0.761174, -0.052909, 0.317208]
[-0.762371, -0.049347, 0.260096]
[-0.685576, -0.041502, 0.215431]
[-0.722902, -0.068146, 0.276055]
[-0.768078, -0.068724, 0.310645]
[-0.743549, -0.07909, 0.31462]
[-0.77023, -0.090619, 0.36529]
[-0.764596, -0.079141, 0.362588]
[-0.721238, -0.069389, 0.334452]
[-0.723351, -0.087092, 0.329738]
[-0.682292, -0.082113, 0.293995]
[-0.555394, -4.1e-05, 0.258293]
[-0.569369, -0.039225, 0.321056]
[-0.519529, -0.027562, 0.253649]
[-0.599336, -0.006802, 0.248883]
[-0.547842, -0.063377, 0.31702]
[-0.512529, -0.057234, 0.251297]
[-0.599186, -0.050106, 0.31416]
[-0.627449, -0.02463, 0.237731]
[-0.580801, -0.073448, 0.355989]
[-0.53864, -0.094486, 0.30686]
[-0.51183, -0.092173, 0.238]
[-0.570065, -0.09089, 0.354033]
[-0.620141, -0.073377, 0.302214]
[-0.643628, -0.055423, 0.22402]
[-0.596986, -0.08392, 0.352504]
[-0.585734, -0.090219, 0.369834]
[-0.592295, -0.113705, 0.382184]
[-0.610652, -0.100434, 0.346619]
[-0.630121, -0.094069, 0.293169]
[-0.572686, -0.073456, 0.228134]
[-0.585747, -0.10804, 0.294536]
[-0.617398, -0.116685, 0.341025]
[-0.59184, -0.123751, 0.336359]
[-0.599747, -0.141514, 0.391444]
[-0.596608, -0.12924, 0.388236]
[-0.565701, -0.112114, 0.349273]
[-0.567136, -0.129666, 0.343799]
[-0.540238, -0.117179, 0.297878]
[-0.749816, 0.080023, 0.174741]
[-0.807052, 0.058725, 0.218718]
[-0.727144, 0.045751, 0.194149]
[-0.780565, 0.080013, 0.141278]
[-0.794804, 0.030679, 0.229816]
[-0.717697, 0.012355, 0.199386]
[-0.829452, 0.05259, 0.196002]
[-0.801182, 0.06598, 0.116562]
[-0.845205, 0.035773, 0.241703]
[-0.790707, -0.002997, 0.22907]
[-0.71959, -0.024081, 0.191229]
[-0.840666, 0.016619, 0.247666]
[-0.845599, 0.031791, 0.175266]
[-0.814773, 0.036685, 0.097711]
[-0.858817, 0.028139, 0.229856]
[-0.861568, 0.02367, 0.250803]
[-0.880232, 0.005138, 0.258089]
[-0.870875, 0.013621, 0.217982]
[-0.854121, 0.011963, 0.163276]
[-0.76723, 0.006093, 0.144374]
[-0.824385, -0.009688, 0.191787]
[-0.87757, -0.001839, 0.210423]
[-0.857169, -0.014613, 0.222467]
[-0.899216, -0.018164, 0.262654]
[-0.891484, -0.007683, 0.261277]
[-0.840676, -0.005594, 0.24776]
[-0.843826, -0.023361, 0.243446]
[-0.793465, -0.026439, 0.222201]
[-0.638035, -0.091796, 0.2648]
[-0.533557, -0.125678, 0.287561]
[-0.678139, -0.075864, 0.248831]
[-0.598726, -0.076665, 0.200978]
[-0.494894, -0.121519, 0.250799]
[-0.450693, -0.094616, 0.182498]
[-0.733547, -0.052545, 0.223532]
[-0.729948, -0.020717, 0.139926]
[-0.766465, -0.034806, 0.198894]
[-0.849503, 0.013712, 0.12747]
[-0.838594, 0.030268, 0.08019]
[-0.683527, 0.004269, 0.074918]
[-0.797237, 0.053182, 0.017642]
[-0.719844, 0.071775, -0.074842]
[-0.556773, -0.047523, 0.131839]
[-0.616582, 0.028513, -0.025759]
[-0.643524, 0.081309, -0.143743]
[-0.404264, -0.059526, 0.072819]
[-0.503753, -0.017722, 0.025245]
[-0.549976, 0.044986, -0.106549]
[-0.565231, 0.077546, -0.182074]
[-0.497573, 0.059893, -0.17653]
[-0.432074, 0.030907, -0.140632]
[-0.465844, 0.007769, -0.061729]
[-0.38991, 0.002041, -0.09161]
[-0.381833, -0.029668, -0.017386]
[0.30943, 1.33825, 0.241962]
[0.329438, 1.310483, 0.188273]
[0.335976, 1.349934, 0.230125]
[0.338559, 1.298565, 0.11932]
[0.374287, 1.303543, 0.178161]
[0.376636, 1.291755, 0.119325]
[0.417906, 1.309108, 0.203565]
[0.372715, 1.303101, 0.055748]
[0.410741, 1.287622, 0.168444]
[0.336695, 1.311067, 0.045707]
[0.407921, 1.283045, 0.119325]
[0.502788, 1.273602, 0.200774]
[0.3448, 1.353797, 0.005408]
[0.410741, 1.286284, 0.064508]
[0.484, 1.246982, 0.119325]
[0.491543, 1.247988, 0.161775]
[0.306553, 1.359202, -0.006007]
[0.417906, 1.316261, 0.035085]
[0.594899, 1.198529, 0.119325]
[0.595694, 1.203909, 0.160955]
[0.491543, 1.247988, 0.069789]
[0.502785, 1.275778, 0.037876]
[0.691081, 1.156619, 0.119325]
[0.693989, 1.163815, 0.166259]
[0.605607, 1.228344, 0.202953]
[0.60561, 1.231341, 0.035697]
[0.595694, 1.203909, 0.070956]
[0.734367, 1.137021, 0.119325]
[0.73757, 1.144125, 0.17051]
[0.704632, 1.189982, 0.205026]
[0.704632, 1.189982, 0.033624]
[0.693989, 1.163815, 0.067902]
[0.748152, 1.170153, 0.211743]
[0.737573, 1.144125, 0.065515]
[0.777987, 1.117895, 0.119325]
[0.781157, 1.124438, 0.174762]
[0.748152, 1.170153, 0.026906]
[0.866348, 1.079155, 0.119325]
[0.869605, 1.087519, 0.184708]
[0.793217, 1.150323, 0.219211]
[0.793217, 1.150323, 0.019439]
[0.781154, 1.124435, 0.061262]
[0.967123, 1.029365, 0.119325]
[0.972894, 1.043193, 0.196865]
[0.880189, 1.113305, 0.230639]
[0.880189, 1.113305, 0.008011]
[0.869605, 1.087519, 0.051317]
[1.047051, 0.988921, 0.119325]
[1.052132, 1.001433, 0.206368]
[0.983176, 1.067313, 0.254561]
[0.983176, 1.067313, -0.01591]
[0.972894, 1.043193, 0.041807]
[1.127442, 0.942932, 0.119325]
[1.131827, 0.9539, 0.214373]
[1.061507, 1.02316, 0.271381]
[1.052132, 1.001433, 0.035502]
[1.141595, 0.976912, 0.278752]
[1.061507, 1.02316, -0.032731]
[1.131827, 0.9539, 0.031024]
[1.180005, 0.952083, 0.282514]
[1.171865, 0.9266, 0.028885]
[1.141595, 0.976912, -0.040103]
[1.171865, 0.9266, 0.218537]
[1.169515, 0.918078, 0.119325]
[1.180005, 0.952083, -0.043863]
[1.214153, 0.937816, 0.281841]
[1.2135, 0.906851, 0.219227]
[1.214153, 0.937816, -0.043192]
[1.216, 0.898667, 0.119325]
[1.238164, 0.927837, 0.27081]
[1.2135, 0.906851, 0.028195]
[1.250737, 0.90316, 0.217692]
[1.238164, 0.927837, -0.03216]
[1.2605, 0.8941, 0.119325]
[1.250737, 0.90316, 0.020959]
[0.228145, 1.589319, 0.124734]
[0.206587, 1.607297, 0.137471]
[0.227648, 1.564777, 0.206577]
[0.203417, 1.570942, 0.219624]
[0.190949, 1.630657, 0.155545]
[0.235988, 1.521523, 0.243753]
[0.175808, 1.60084, 0.234718]
[0.213911, 1.518158, 0.263393]
[0.177768, 1.66559, 0.17305]
[0.26906, 1.422418, 0.260619]
[0.162512, 1.650123, 0.24682]
[0.243313, 1.41222, 0.279042]
[0.170425, 1.712288, 0.183756]
[0.158358, 1.701698, 0.250535]
[0.184153, 1.509672, 0.292961]
[0.121391, 1.631838, 0.30763]
[0.120576, 1.571434, 0.311328]
[0.132226, 1.500208, 0.337185]
[0.216095, 1.4046, 0.320756]
[0.250057, 1.301082, 0.334777]
[0.284206, 1.308819, 0.258064]
[0.123567, 1.690614, 0.312951]
[0.06258, 1.554063, 0.356166]
[0.176211, 1.29126, 0.396436]
[0.331887, 1.273297, 0.192842]
[0.062496, 1.620809, 0.350396]
[0.063682, 1.490612, 0.378206]
[0.155299, 1.401646, 0.368978]
[0.279756, 1.18302, 0.350109]
[0.325455, 1.193002, 0.26368]
[0.06287, 1.678876, 0.353393]
[0.0, 1.614157, 0.367955]
[0.0, 1.546763, 0.378607]
[0.071592, 1.395608, 0.408442]
[0.339595, 1.264008, 0.113933]
[0.0, 1.670291, 0.368879]
[0.0, 1.488778, 0.395064]
[0.089351, 1.281232, 0.447373]
[0.207478, 1.175903, 0.423481]
[0.351368, 1.201171, 0.18975]
[-0.06258, 1.554063, 0.356166]
[-0.06287, 1.678876, 0.353393]
[-0.0, 1.388494, 0.424779]
[0.324124, 1.287808, 0.030527]
[-0.062496, 1.620809, 0.350396]
[-0.063682, 1.490612, 0.378206]
[0.352941, 1.213287, 0.103042]
[-0.120576, 1.571434, 0.311328]
[-0.132226, 1.500208, 0.337185]
[-0.071592, 1.395608, 0.408442]
[-0.123567, 1.690614, 0.312951]
[-0.089351, 1.281232, 0.447373]
[0.27258, 1.340023, -0.050472]
[0.255333, 1.459499, -0.027565]
[0.332067, 1.234519, 0.004588]
[-0.121391, 1.631838, 0.30763]
[-0.184153, 1.509672, 0.292961]
[-0.155299, 1.401646, 0.368978]
[-0.158358, 1.701698, 0.250535]
[0.227078, 1.455486, -0.04477]
[0.278351, 1.268712, -0.07977]
[-0.162512, 1.650123, 0.24682]
[-0.175808, 1.60084, 0.234718]
[-0.216095, 1.4046, 0.320756]
[-0.176211, 1.29126, 0.396436]
[-0.207478, 1.175903, 0.423481]
[0.225725, 1.528511, -0.004146]
[0.184279, 1.379578, -0.107358]
[-0.177768, 1.66559, 0.17305]
[-0.213911, 1.518158, 0.263393]
[-0.243313, 1.41222, 0.279042]
[-0.250057, 1.301082, 0.334777]
[-0.170425, 1.712288, 0.183756]
[0.185439, 1.543433, -0.008629]
[0.195684, 1.302494, -0.14189]
[-0.203417, 1.570942, 0.219624]
[-0.279756, 1.18302, 0.350109]
[-0.30943, 1.33825, 0.241962]
[-0.284206, 1.308819, 0.258064]
[-0.190949, 1.630657, 0.155545]
[0.226094, 1.566083, 0.042261]
[0.160097, 1.47177, -0.075125]
[-0.235988, 1.521523, 0.243753]
[-0.329438, 1.310483, 0.188273]
[-0.206587, 1.607297, 0.137471]
[0.196401, 1.578005, 0.048677]
[0.092935, 1.40097, -0.147774]
[-0.26906, 1.422418, 0.260619]
[-0.325455, 1.193002, 0.26368]
[-0.331887, 1.273297, 0.192842]
[-0.227648, 1.564777, 0.206577]
[0.136721, 1.548026, -0.045491]
[0.157866, 1.613873, 0.022571]
[-0.0, 1.405981, -0.163681]
[-0.338559, 1.298565, 0.11932]
[-0.228145, 1.589319, 0.124734]
[0.080747, 1.484955, -0.102261]
[0.114648, 1.611008, -0.012607]
[-0.351368, 1.201171, 0.18975]
[-0.339595, 1.264008, 0.113933]
[0.180686, 1.622328, 0.080148]
[0.0, 1.491623, -0.114435]
[0.070633, 1.551508, -0.067568]
[-0.336695, 1.311067, 0.045707]
[0.096854, 1.669151, 0.014913]
[0.138931, 1.668607, 0.053978]
[0.0, 1.553118, -0.078149]
[-0.352941, 1.213287, 0.103042]
[-0.324124, 1.287808, 0.030527]
[0.168694, 1.670439, 0.107905]
[0.058863, 1.612311, -0.033073]
[-0.332067, 1.234519, 0.004588]
[-0.306553, 1.359202, -0.006007]
[0.161833, 1.721528, 0.119285]
[0.133095, 1.724988, 0.069578]
[0.0, 1.613581, -0.041309]
[0.048869, 1.670172, -0.002635]
[-0.255333, 1.459499, -0.027565]
[-0.27258, 1.340023, -0.050472]
[0.087539, 1.72709, 0.029722]
[0.0, 1.671165, -0.010948]
[-0.278351, 1.268712, -0.07977]
[-0.227078, 1.455486, -0.04477]
[0.043451, 1.727586, 0.015991]
[-0.195684, 1.302494, -0.14189]
[-0.225725, 1.528511, -0.004146]
[0.0, 1.727777, 0.008227]
[-0.184279, 1.379578, -0.107358]
[-0.185439, 1.543433, -0.008629]
[-0.226094, 1.566083, 0.042261]
[-0.160097, 1.47177, -0.075125]
[-0.092935, 1.40097, -0.147774]
[-0.196401, 1.578005, 0.048677]
[-0.080747, 1.484955, -0.102261]
[-0.157866, 1.613873, 0.022571]
[-0.136721, 1.548026, -0.045491]
[-0.114648, 1.611008, -0.012607]
[-0.070633, 1.551508, -0.067568]
[-0.180686, 1.622328, 0.080148]
[-0.058863, 1.612311, -0.033073]
[-0.138931, 1.668607, 0.053978]
[-0.096853, 1.669151, 0.014913]
[-0.168694, 1.670439, 0.107905]
[-0.048869, 1.670172, -0.002635]
[-0.161833, 1.721528, 0.119285]
[-0.133095, 1.724988, 0.069578]
[-0.087539, 1.72709, 0.029722]
[-0.043451, 1.727586, 0.015991]
[-0.335976, 1.349934, 0.230125]
[-0.374287, 1.303543, 0.178161]
[-0.417906, 1.309108, 0.203565]
[-0.502788, 1.273602, 0.200774]
[-0.410741, 1.287622, 0.168444]
[-0.376636, 1.291755, 0.119325]
[-0.491543, 1.247988, 0.161775]
[-0.372714, 1.303101, 0.055748]
[-0.595693, 1.203909, 0.160955]
[-0.484, 1.246982, 0.119325]
[-0.407921, 1.283045, 0.119325]
[-0.605607, 1.228344, 0.202953]
[-0.410741, 1.286284, 0.064508]
[-0.594898, 1.198529, 0.119325]
[-0.3448, 1.353797, 0.005408]
[-0.704632, 1.189982, 0.205026]
[-0.693989, 1.163815, 0.166259]
[-0.491543, 1.247988, 0.069789]
[-0.417906, 1.316261, 0.035085]
[-0.73757, 1.144125, 0.17051]
[-0.691081, 1.156619, 0.119325]
[-0.502785, 1.275778, 0.037876]
[-0.748152, 1.170153, 0.211743]
[-0.734367, 1.137021, 0.119325]
[-0.595693, 1.203909, 0.070956]
[-0.60561, 1.231341, 0.035697]
[-0.781157, 1.124438, 0.174762]
[-0.737573, 1.144125, 0.065515]
[-0.693989, 1.163815, 0.067902]
[-0.793217, 1.150323, 0.219211]
[-0.777987, 1.117895, 0.119325]
[-0.704632, 1.189982, 0.033624]
[-0.880189, 1.113305, 0.230639]
[-0.869605, 1.087519, 0.184708]
[-0.866348, 1.079155, 0.119325]
[-0.748152, 1.170153, 0.026906]
[-0.983176, 1.067313, 0.254561]
[-0.972894, 1.043193, 0.196865]
[-0.781154, 1.124435, 0.061262]
[-1.052131, 1.001433, 0.206368]
[-0.967123, 1.029365, 0.119325]
[-0.793217, 1.150323, 0.019439]
[-1.061507, 1.02316, 0.271381]
[-1.047051, 0.988921, 0.119325]
[-0.869605, 1.087519, 0.051317]
[-1.131827, 0.953899, 0.214373]
[-1.127442, 0.942932, 0.119325]
[-0.972894, 1.043193, 0.041807]
[-0.880189, 1.113305, 0.008011]
[-1.141595, 0.976912, 0.278752]
[-1.131827, 0.953899, 0.031024]
[-1.052131, 1.001433, 0.035502]
[-0.983176, 1.067313, -0.01591]
[-1.180005, 0.952083, 0.282514]
[-1.061507, 1.02316, -0.032731]
[-1.171864, 0.9266, 0.028885]
[-1.214153, 0.937816, 0.281841]
[-1.171864, 0.9266, 0.218537]
[-1.141595, 0.976912, -0.040103]
[-1.169515, 0.918078, 0.119325]
[-1.2135, 0.906851, 0.219227]
[-1.180005, 0.952083, -0.043863]
[-1.238164, 0.927837, 0.27081]
[-1.215999, 0.898667, 0.119325]
[-1.214153, 0.937816, -0.043192]
[-1.250737, 0.90316, 0.217692]
[-1.2135, 0.906851, 0.028195]
[-1.2605, 0.8941, 0.119325]
[-1.238164, 0.927837, -0.03216]
[-1.250737, 0.90316, 0.020959]
[0.29196, 1.43846, 0.259476]
[0.255981, 1.527452, 0.238665]
[0.253339, 1.563025, 0.203452]
[0.438437, 1.381699, 0.218292]
[0.365539, 1.44033, 0.230999]
[0.305095, 1.485697, 0.243225]
[0.454055, 1.447277, 0.189685]
[0.281013, 1.53244, 0.230375]
[0.257119, 1.58403, 0.119912]
[0.387093, 1.503423, 0.196213]
[0.31319, 1.559032, 0.203018]
[0.523512, 1.333876, 0.214584]
[0.281465, 1.564366, 0.201804]
[0.464769, 1.475549, 0.119325]
[0.626179, 1.284074, 0.210932]
[0.542295, 1.39253, 0.185128]
[0.25332, 1.561023, 0.039156]
[0.399222, 1.528453, 0.119326]
[0.315859, 1.582402, 0.119326]
[0.725683, 1.243279, 0.217039]
[0.552854, 1.417569, 0.119325]
[0.646877, 1.340355, 0.182781]
[0.255463, 1.530741, -0.002243]
[0.284724, 1.588209, 0.119325]
[0.391391, 1.503037, 0.044166]
[0.453791, 1.447543, 0.051565]
[0.744685, 1.29573, 0.186928]
[0.652351, 1.363274, 0.119297]
[0.281465, 1.566022, 0.037448]
[0.278376, 1.535115, 0.003785]
[0.31319, 1.558069, 0.036097]
[0.769628, 1.223279, 0.222609]
[0.370101, 1.442756, 0.007666]
[0.789188, 1.277534, 0.190478]
[0.75392, 1.32128, 0.11916]
[0.542069, 1.391884, 0.055399]
[0.281455, 1.465641, -0.018868]
[0.297851, 1.501336, -0.005682]
[0.798063, 1.303411, 0.119094]
[0.435346, 1.384892, 0.020357]
[0.645574, 1.342377, 0.058546]
[0.815216, 1.205329, 0.229065]
[0.832754, 1.258402, 0.194028]
[0.792444, 1.284011, 0.048172]
[0.747936, 1.300368, 0.051722]
[0.522148, 1.339685, 0.024066]
[0.902774, 1.171153, 0.240726]
[0.842091, 1.285634, 0.119082]
[0.725683, 1.24683, 0.021612]
[0.624098, 1.290937, 0.027718]
[1.008487, 1.130211, 0.258803]
[0.921545, 1.222692, 0.204937]
[0.930872, 1.251801, 0.119248]
[0.769623, 1.226541, 0.01604]
[1.092304, 1.093904, 0.274046]
[1.032726, 1.18557, 0.22044]
[0.836, 1.264912, 0.044622]
[1.177831, 1.052749, 0.283474]
[1.116922, 1.154552, 0.230949]
[1.042662, 1.209543, 0.11925]
[0.924773, 1.231359, 0.033713]
[0.815216, 1.207493, 0.009585]
[1.21748, 1.02868, 0.286428]
[1.207325, 1.108271, 0.244352]
[1.128862, 1.179794, 0.119325]
[1.032726, 1.18557, 0.01821]
[0.902774, 1.171153, -0.002076]
[1.257358, 1.075286, 0.246837]
[1.224818, 1.139114, 0.119325]
[1.116922, 1.154552, 0.007701]
[1.008487, 1.130211, -0.020152]
[1.251265, 1.008908, 0.284836]
[1.092304, 1.093904, -0.035394]
[1.207325, 1.108271, -0.005702]
[1.274816, 0.985954, 0.270609]
[1.292461, 1.033704, 0.243406]
[1.284869, 1.098626, 0.119325]
[1.177831, 1.052749, -0.044823]
[1.324384, 1.045113, 0.119325]
[1.257358, 1.075286, -0.008186]
[1.309723, 0.995774, 0.230087]
[1.292461, 1.033704, -0.004755]
[1.21748, 1.02868, -0.047777]
[1.334072, 0.993343, 0.119325]
[1.309723, 0.995774, 0.008564]
[1.251265, 1.008911, -0.046185]
[1.274816, 0.985954, -0.031959]
[-0.29196, 1.43846, 0.259476]
[-0.255981, 1.527452, 0.238665]
[-0.253339, 1.563025, 0.203452]
[-0.305095, 1.485697, 0.243225]
[-0.438437, 1.381699, 0.218292]
[-0.365539, 1.44033, 0.230999]
[-0.281013, 1.53244, 0.230375]
[-0.523512, 1.333876, 0.214584]
[-0.257119, 1.58403, 0.119912]
[-0.387093, 1.503423, 0.196213]
[-0.454055, 1.447277, 0.189685]
[-0.31319, 1.559032, 0.203018]
[-0.626179, 1.284074, 0.210932]
[-0.281465, 1.564366, 0.201804]
[-0.464769, 1.475549, 0.119325]
[-0.542295, 1.39253, 0.185128]
[-0.725683, 1.243279, 0.217039]
[-0.25332, 1.561023, 0.039156]
[-0.315859, 1.582402, 0.119326]
[-0.399222, 1.528453, 0.119326]
[-0.646877, 1.340355, 0.182781]
[-0.552854, 1.417569, 0.119325]
[-0.769628, 1.223279, 0.222609]
[-0.255463, 1.530741, -0.002243]
[-0.284724, 1.588209, 0.119325]
[-0.391391, 1.503037, 0.044166]
[-0.744685, 1.29573, 0.186928]
[-0.453791, 1.447543, 0.051565]
[-0.652351, 1.363274, 0.119297]
[-0.278376, 1.535115, 0.003785]
[-0.281465, 1.566022, 0.037448]
[-0.31319, 1.558069, 0.036097]
[-0.789188, 1.277534, 0.190478]
[-0.370101, 1.442756, 0.007666]
[-0.75392, 1.32128, 0.11916]
[-0.542069, 1.391884, 0.055399]
[-0.815216, 1.205329, 0.229065]
[-0.281455, 1.465641, -0.018868]
[-0.297851, 1.501336, -0.005682]
[-0.798063, 1.303411, 0.119094]
[-0.435346, 1.384892, 0.020357]
[-0.645574, 1.342377, 0.058546]
[-0.902774, 1.171153, 0.240726]
[-0.832754, 1.258402, 0.194028]
[-0.747936, 1.300368, 0.051722]
[-0.522148, 1.339685, 0.024066]
[-1.008487, 1.130211, 0.258803]
[-0.921545, 1.222692, 0.204937]
[-0.842091, 1.285634, 0.119082]
[-0.725683, 1.24683, 0.021612]
[-0.792444, 1.284011, 0.048172]
[-0.624098, 1.290937, 0.027718]
[-1.092304, 1.093904, 0.274046]
[-1.032726, 1.18557, 0.22044]
[-0.930872, 1.251801, 0.119248]
[-0.769623, 1.226541, 0.01604]
[-1.116922, 1.154552, 0.230949]
[-1.042662, 1.209543, 0.11925]
[-0.836, 1.264912, 0.044622]
[-1.177831, 1.052749, 0.283474]
[-1.128862, 1.179794, 0.119325]
[-0.924773, 1.231359, 0.033713]
[-1.207325, 1.10827, 0.244352]
[-1.224818, 1.139114, 0.119325]
[-1.032726, 1.18557, 0.01821]
[-0.815216, 1.207493, 0.009585]
[-1.21748, 1.028679, 0.286428]
[-1.116922, 1.154552, 0.007701]
[-1.257358, 1.075286, 0.246837]
[-0.902774, 1.171153, -0.002076]
[-1.008487, 1.130211, -0.020152]
[-1.092304, 1.093904, -0.035394]
[-1.207325, 1.10827, -0.005702]
[-1.284869, 1.098626, 0.119325]
[-1.292461, 1.033704, 0.243406]
[-1.257358, 1.075286, -0.008186]
[-1.324384, 1.045113, 0.119325]
[-1.251265, 1.008908, 0.284836]
[-1.177831, 1.052749, -0.044823]
[-1.292461, 1.033704, -0.004755]
[-1.274816, 0.985954, 0.270609]
[-1.21748, 1.028679, -0.047777]
[-1.251265, 1.008911, -0.046185]
[-1.309723, 0.995774, 0.230087]
[-1.309723, 0.995774, 0.008564]
[-1.334072, 0.993343, 0.119325]
[-1.274816, 0.985954, -0.031959]
[1.29522, 1.020455, 0.119325]
[1.285702, 1.004821, 0.148407]
[1.371514, 0.945429, 0.119325]
[1.285702, 1.004821, 0.090243]
[1.36333, 0.932767, 0.139119]
[1.36333, 0.932767, 0.099531]
[1.271694, 0.979589, 0.166714]
[1.271694, 0.979589, 0.071936]
[1.404165, 0.890961, 0.119325]
[1.345232, 0.909597, 0.151778]
[1.345232, 0.909597, 0.086873]
[1.394549, 0.878477, 0.130802]
[1.251752, 0.943183, 0.173527]
[1.251752, 0.943183, 0.065124]
[1.394549, 0.878479, 0.107848]
[1.382936, 0.863778, 0.138149]
[1.251194, 0.937557, 0.119325]
[1.328367, 0.888047, 0.154627]
[1.328367, 0.888047, 0.084022]
[1.407541, 0.859142, 0.119325]
[1.326408, 0.882932, 0.119325]
[1.407764, 0.827893, 0.119325]
[1.382936, 0.863778, 0.100502]
[1.370612, 0.850107, 0.140313]
[1.370612, 0.850107, 0.098337]
[1.405133, 0.814939, 0.119325]
[1.363855, 0.851652, 0.119325]
[1.400523, 0.804362, 0.119325]
[1.275253, 1.005738, 0.248709]
[1.255649, 0.987623, 0.26543]
[1.335672, 0.938865, 0.269552]
[1.283813, 0.997209, 0.218185]
[1.321631, 0.925093, 0.278978]
[1.339708, 0.930984, 0.248518]
[1.239068, 0.963955, 0.26795]
[1.283048, 0.97903, 0.193991]
[1.362334, 0.892137, 0.274584]
[1.304206, 0.904278, 0.27593]
[1.332837, 0.913719, 0.22754]
[1.351082, 0.880128, 0.276507]
[1.223442, 0.933044, 0.257261]
[1.273739, 0.949797, 0.173527]
[1.360454, 0.883168, 0.260452]
[1.340213, 0.867039, 0.274013]
[1.247115, 0.937859, 0.213549]
[1.291664, 0.886396, 0.266509]
[1.323508, 0.896452, 0.213276]
[1.36636, 0.865066, 0.270573]
[1.305557, 0.88821, 0.237808]
[1.36798, 0.838606, 0.265321]
[1.355811, 0.872223, 0.247188]
[1.330894, 0.855708, 0.267586]
[1.348438, 0.861311, 0.237628]
[1.334183, 0.860681, 0.249877]
[1.366586, 0.82774, 0.262006]
[1.363574, 0.81897, 0.258267]
[1.275253, 1.005738, -0.01006]
[1.335674, 0.938865, -0.030903]
[1.255649, 0.987623, -0.02678]
[1.283813, 0.997206, 0.020464]
[1.321631, 0.925091, -0.040329]
[1.339705, 0.930984, -0.009868]
[1.239068, 0.963955, -0.029301]
[1.283048, 0.97903, 0.04466]
[1.362334, 0.892137, -0.035934]
[1.304206, 0.904278, -0.037281]
[1.332837, 0.913719, 0.01111]
[1.351082, 0.880128, -0.037857]
[1.223442, 0.933044, -0.018611]
[1.273739, 0.949797, 0.065124]
[1.360454, 0.883168, -0.021803]
[1.340213, 0.867039, -0.035362]
[1.291664, 0.886396, -0.027859]
[1.247115, 0.937859, 0.025102]
[1.323508, 0.896452, 0.025373]
[1.366363, 0.865066, -0.031924]
[1.305557, 0.88821, 0.000843]
[1.36798, 0.838606, -0.026672]
[1.355811, 0.872223, -0.008537]
[1.330891, 0.855708, -0.028936]
[1.334183, 0.860681, -0.011227]
[1.348438, 0.861311, 0.001022]
[1.366586, 0.82774, -0.023356]
[1.363574, 0.81897, -0.019617]
[-1.29522, 1.020455, 0.119325]
[-1.371514, 0.945429, 0.119325]
[-1.285702, 1.004821, 0.148407]
[-1.285702, 1.004821, 0.090243]
[-1.36333, 0.932767, 0.139119]
[-1.36333, 0.932767, 0.099531]
[-1.271694, 0.979589, 0.166714]
[-1.271694, 0.979589, 0.071936]
[-1.404165, 0.890961, 0.119325]
[-1.345232, 0.909597, 0.151778]
[-1.345232, 0.909597, 0.086873]
[-1.394549, 0.878477, 0.130802]
[-1.251752, 0.943183, 0.173527]
[-1.251752, 0.943183, 0.065124]
[-1.394549, 0.878479, 0.107848]
[-1.382936, 0.863778, 0.138149]
[-1.328367, 0.888047, 0.154627]
[-1.251194, 0.937557, 0.119325]
[-1.328367, 0.888047, 0.084022]
[-1.407541, 0.859142, 0.119325]
[-1.326408, 0.882932, 0.119325]
[-1.407764, 0.827893, 0.119325]
[-1.382936, 0.863778, 0.100502]
[-1.370612, 0.850107, 0.140313]
[-1.370612, 0.850107, 0.098337]
[-1.405133, 0.814939, 0.119325]
[-1.363855, 0.851652, 0.119325]
[-1.400523, 0.804362, 0.119325]
[-1.275253, 1.005738, 0.248709]
[-1.335672, 0.938865, 0.269552]
[-1.255649, 0.987623, 0.26543]
[-1.283813, 0.997209, 0.218185]
[-1.321631, 0.925093, 0.278978]
[-1.339708, 0.930984, 0.248518]
[-1.239068, 0.963955, 0.26795]
[-1.283048, 0.97903, 0.193991]
[-1.362334, 0.892137, 0.274584]
[-1.304206, 0.904278, 0.27593]
[-1.332837, 0.913719, 0.22754]
[-1.351082, 0.880128, 0.276507]
[-1.223442, 0.933044, 0.257261]
[-1.273739, 0.949797, 0.173527]
[-1.360454, 0.883168, 0.260452]
[-1.340213, 0.867039, 0.274013]
[-1.291664, 0.886396, 0.266509]
[-1.247115, 0.937859, 0.213549]
[-1.323508, 0.896452, 0.213276]
[-1.36636, 0.865066, 0.270573]
[-1.305557, 0.88821, 0.237808]
[-1.36798, 0.838606, 0.265321]
[-1.355811, 0.872223, 0.247188]
[-1.330894, 0.855708, 0.267586]
[-1.334183, 0.860681, 0.249877]
[-1.348438, 0.861311, 0.237628]
[-1.366586, 0.82774, 0.262006]
[-1.363574, 0.81897, 0.258267]
[-1.275253, 1.005738, -0.01006]
[-1.255649, 0.987623, -0.026781]
[-1.335674, 0.938865, -0.030903]
[-1.283813, 0.997206, 0.020464]
[-1.321631, 0.925091, -0.040329]
[-1.339705, 0.930984, -0.009868]
[-1.239068, 0.963955, -0.029301]
[-1.283048, 0.97903, 0.04466]
[-1.362334, 0.892137, -0.035934]
[-1.304206, 0.904278, -0.037281]
[-1.332837, 0.913719, 0.01111]
[-1.351082, 0.880128, -0.037857]
[-1.223442, 0.933044, -0.018611]
[-1.273739, 0.949797, 0.065124]
[-1.360454, 0.883168, -0.021803]
[-1.340213, 0.867039, -0.035362]
[-1.247115, 0.937859, 0.025102]
[-1.291664, 0.886396, -0.027859]
[-1.323508, 0.896452, 0.025373]
[-1.366363, 0.865066, -0.031924]
[-1.305557, 0.88821, 0.000843]
[-1.36798, 0.838606, -0.026672]
[-1.355811, 0.872223, -0.008537]
[-1.330891, 0.855708, -0.028936]
[-1.348438, 0.861311, 0.001022]
[-1.334183, 0.860681, -0.011227]
[-1.366586, 0.82774, -0.023356]
[-1.363574, 0.81897, -0.019617]
[0.032635, 1.153879, -2.353048]
[0.066297, 0.963193, -2.386721]
[0.0, 0.963193, -2.414174]
[0.0, 1.153879, -2.366576]
[0.0, 1.342804, -2.320422]
[-0.066297, 0.963193, -2.386721]
[-0.032635, 1.153879, -2.353048]
[-0.093758, 0.963193, -2.320422]
[-0.046154, 1.153879, -2.320422]
[-0.066297, 0.963193, -2.254126]
[-0.032635, 1.153879, -2.287791]
[0.0, 0.963193, -2.226668]
[0.0, 1.153879, -2.274271]
[0.066297, 0.963193, -2.254126]
[0.032635, 1.153879, -2.287791]
[0.093758, 0.963193, -2.320422]
[0.046154, 1.153879, -2.320422]
[0.082269, 0.606913, -2.402685]
[0.053535, 0.527347, -2.373958]
[-0.0, 0.527347, -2.39613]
[-0.0, 0.606913, -2.436767]
[0.094533, 0.770349, -2.414953]
[0.0, 0.770349, -2.454113]
[-0.053535, 0.527347, -2.373958]
[-0.082269, 0.606913, -2.402685]
[-0.094533, 0.770349, -2.414953]
[-0.07571, 0.527347, -2.320422]
[-0.116346, 0.606913, -2.320422]
[-0.133689, 0.770349, -2.320422]
[-0.053535, 0.527347, -2.266881]
[-0.082269, 0.606913, -2.238159]
[-0.094533, 0.770349, -2.225888]
[-0.0, 0.527347, -2.244712]
[-0.0, 0.606913, -2.204072]
[0.0, 0.770349, -2.186727]
[0.053535, 0.527347, -2.266881]
[0.082269, 0.606913, -2.238159]
[0.094533, 0.770349, -2.225888]
[0.07571, 0.527347, -2.320422]
[0.116346, 0.606913, -2.320422]
[0.133689, 0.770349, -2.320422]
[-0.0, 0.497469, -2.320422]
[0.041149, 0.770357, -2.228512]
[0.011119, 0.963021, -2.095399]
[0.085864, 0.770357, -2.087596]
[0.013872, 0.963021, -2.245611]
[0.08766, 0.577693, -2.164969]
[0.042802, 0.577693, -2.267514]
[-0.047177, 1.155685, -2.174375]
[0.007123, 1.155685, -2.300844]
[-0.051751, 1.348346, -2.257618]
[0.001068, 1.348346, -2.316424]
[0.0, 1.54101, -2.320422]
[0.091911, 0.770357, -2.361565]
[0.225041, 0.963021, -2.332091]
[0.232826, 0.770357, -2.406282]
[0.072964, 0.963021, -2.331167]
[0.155454, 0.577693, -2.40808]
[0.052908, 0.577693, -2.363221]
[0.153308, 1.155685, -2.277949]
[0.060645, 1.348346, -2.265106]
[-0.041149, 0.770357, -2.412327]
[-0.011872, 0.963021, -2.545131]
[-0.085864, 0.770357, -2.553234]
[-0.012594, 0.963021, -2.390265]
[-0.08766, 0.577693, -2.47587]
[-0.042802, 0.577693, -2.373325]
[0.030015, 1.155685, -2.447026]
[0.053152, 1.348346, -2.377498]
[-0.091911, 0.770357, -2.279274]
[-0.225018, 0.963021, -2.309302]
[-0.232826, 0.770357, -2.234563]
[-0.07169, 0.963021, -2.304707]
[-0.155454, 0.577693, -2.232759]
[-0.052908, 0.577693, -2.277618]
[-0.138371, 1.155685, -2.362716]
[-0.059245, 1.348346, -2.370013]
[0.058338, 0.520817, -2.242762]
[-0.0, 0.531907, -2.320422]
[0.077664, 0.520817, -2.378758]
[-0.058338, 0.520817, -2.398083]
[-0.077664, 0.520817, -2.262081]
[-0.0, 0.486115, -2.320422]
[0.041361, 0.770357, -2.412235]
[0.011947, 0.963021, -2.545385]
[0.086406, 0.770357, -2.55303]
[0.011589, 0.963021, -2.393026]
[0.087606, 0.577693, -2.475908]
[0.042877, 0.577693, -2.373264]
[-0.048342, 1.155685, -2.460615]
[-0.000438, 1.155685, -2.320615]
[-0.05402, 1.348346, -2.379416]
[0.0, 1.348346, -2.320422]
[0.091811, 0.770357, -2.279053]
[0.224983, 0.963021, -2.308474]
[0.232623, 0.770357, -2.234009]
[0.07261, 0.963021, -2.308832]
[0.155482, 0.577693, -2.23282]
[0.052847, 0.577693, -2.277544]
[0.13956, 1.155685, -2.368517]
[0.058522, 1.348346, -2.374656]
[-0.041361, 0.770357, -2.228604]
[-0.011947, 0.963021, -2.095442]
[-0.086406, 0.770357, -2.087796]
[-0.011589, 0.963021, -2.247814]
[-0.087606, 0.577693, -2.164941]
[-0.042877, 0.577693, -2.267575]
[0.047467, 1.155685, -2.180621]
[0.053767, 1.348346, -2.262114]
[-0.091811, 0.770357, -2.361786]
[-0.224982, 0.963021, -2.33237]
[-0.232623, 0.770357, -2.40683]
[-0.07261, 0.963021, -2.332012]
[-0.155482, 0.577693, -2.408027]
[-0.052847, 0.577693, -2.363297]
[-0.140435, 1.155685, -2.272723]
[-0.058775, 1.348346, -2.266874]
[-0.077601, 0.520817, -2.378835]
[-0.0, 0.531907, -2.320422]
[0.058419, 0.520817, -2.398027]
[0.077601, 0.520817, -2.262005]
[-0.058419, 0.520817, -2.242818]
[0.188767, 2.071596, 0.570281]
[0.221236, 2.059663, 0.569587]
[0.22103, 2.07121, 0.526123]
[0.172461, 2.05869, 0.619658]
[0.221592, 2.097961, 0.534655]
[0.1652, 2.07501, 0.599473]
[0.18714, 2.086033, 0.568635]
[0.174403, 2.098916, 0.579633]
[0.253655, 2.060113, 0.524833]
[0.204347, 2.131543, 0.549656]
[0.249047, 2.108964, 0.504576]
[0.230275, 2.158147, 0.524777]
[0.173474, 2.110593, 0.595163]
[0.125543, 2.087174, 0.617352]
[0.247421, 2.073046, 0.488442]
[0.274724, 2.06108, 0.487233]
[0.206871, 2.145317, 0.573286]
[0.271772, 2.122396, 0.475343]
[0.237435, 2.180534, 0.550441]
[0.252101, 2.184301, 0.499189]
[0.270693, 2.077532, 0.454226]
[0.299037, 2.065411, 0.446763]
[0.264724, 2.214674, 0.525056]
[0.292308, 2.138962, 0.441896]
[0.272616, 2.211878, 0.469425]
[0.292163, 2.082924, 0.415902]
[0.314142, 2.071766, 0.408259]
[0.286769, 2.245418, 0.498739]
[0.30099, 2.087189, 0.381086]
[0.322682, 2.07741, 0.371556]
[0.304533, 2.152746, 0.413423]
[0.285521, 2.235672, 0.437081]
[0.308496, 2.27423, 0.463812]
[0.311043, 2.095492, 0.351188]
[0.329448, 2.08536, 0.331937]
[0.297058, 2.254982, 0.402801]
[0.315102, 2.292934, 0.415066]
[0.319062, 2.119523, 0.332671]
[0.335613, 2.119208, 0.306382]
[0.314566, 2.171677, 0.37863]
[0.319265, 2.289703, 0.368419]
[0.321523, 2.152551, 0.323535]
[0.333164, 2.163247, 0.291836]
[0.306708, 2.261113, 0.369646]
[0.318701, 2.185152, 0.349362]
[0.32166, 2.197666, 0.329011]
[0.328331, 2.219647, 0.294119]
[0.312562, 2.242779, 0.343985]
[0.320576, 2.273584, 0.318882]
[-0.188767, 2.071596, 0.570281]
[-0.22103, 2.07121, 0.526123]
[-0.221236, 2.059663, 0.569587]
[-0.221592, 2.097961, 0.534655]
[-0.172461, 2.05869, 0.619658]
[-0.18714, 2.086033, 0.568635]
[-0.1652, 2.07501, 0.599473]
[-0.174403, 2.098916, 0.579633]
[-0.253655, 2.060113, 0.524833]
[-0.249047, 2.108964, 0.504576]
[-0.247421, 2.073046, 0.488442]
[-0.204347, 2.131543, 0.549656]
[-0.173474, 2.110593, 0.595163]
[-0.125543, 2.087174, 0.617352]
[-0.274724, 2.06108, 0.487233]
[-0.230275, 2.158147, 0.524777]
[-0.271772, 2.122396, 0.475343]
[-0.206871, 2.145317, 0.573286]
[-0.270693, 2.077532, 0.454226]
[-0.299037, 2.065411, 0.446763]
[-0.237435, 2.180534, 0.550441]
[-0.292163, 2.082924, 0.415902]
[-0.314142, 2.071766, 0.408259]
[-0.252101, 2.184301, 0.499189]
[-0.292308, 2.138962, 0.441896]
[-0.30099, 2.087189, 0.381086]
[-0.322682, 2.07741, 0.371556]
[-0.272616, 2.211878, 0.469425]
[-0.304533, 2.152746, 0.413423]
[-0.264724, 2.214674, 0.525056]
[-0.311043, 2.095492, 0.351188]
[-0.329448, 2.08536, 0.331937]
[-0.286769, 2.245418, 0.498739]
[-0.319062, 2.119523, 0.332671]
[-0.335613, 2.119208, 0.306382]
[-0.285521, 2.235672, 0.437081]
[-0.314566, 2.171677, 0.37863]
[-0.321523, 2.152551, 0.323535]
[-0.333164, 2.163247, 0.291836]
[-0.297058, 2.254982, 0.402801]
[-0.318701, 2.185152, 0.349362]
[-0.306708, 2.261113, 0.369646]
[-0.308496, 2.27423, 0.463812]
[-0.32166, 2.197666, 0.329011]
[-0.328331, 2.219647, 0.294119]
[-0.319265, 2.289703, 0.368419]
[-0.312562, 2.242779, 0.343985]
[-0.315102, 2.292934, 0.415066]
[-0.320576, 2.273584, 0.318882]
[0.129263, 0.764334, -2.543759]
[0.123874, 0.965964, -2.534432]
[0.216779, 0.965964, -2.445035]
[0.0, 0.965964, -2.570201]
[0.22621, 0.764334, -2.450483]
[0.0, 0.764334, -2.581072]
[0.207325, 0.591317, -2.439581]
[0.0, 0.591317, -2.559279]
[0.118471, 0.591317, -2.525085]
[0.18527, 1.1568, -2.426846]
[0.0, 1.1568, -2.533808]
[0.105868, 1.1568, -2.503249]
[0.258526, 0.764334, -2.319879]
[0.0, 0.485615, -2.449761]
[0.112478, 0.485615, -2.384821]
[0.065794, 0.486357, -2.433841]
[0.131986, 1.350261, -2.396081]
[0.247748, 0.965964, -2.319881]
[0.211737, 1.1568, -2.319881]
[0.0, 1.350261, -2.472286]
[0.236943, 0.591317, -2.319879]
[0.0, 0.463842, -2.319881]
[0.150841, 1.350261, -2.319879]
[0.075421, 1.350261, -2.450506]
[0.03906, 1.557769, -2.342429]
[0.216779, 0.965964, -2.194725]
[0.18527, 1.1568, -2.212914]
[0.131587, 0.486357, -2.319879]
[0.207325, 0.591317, -2.200179]
[0.112478, 0.485615, -2.254939]
[0.045573, 1.5573, -2.319881]
[0.131986, 1.350261, -2.243679]
[0.03906, 1.557769, -2.297331]
[0.0, 1.557769, -2.364981]
[0.22621, 0.764334, -2.189277]
[0.123874, 0.965964, -2.105327]
[0.129263, 0.764334, -2.095993]
[0.065794, 0.486357, -2.205919]
[0.118471, 0.591317, -2.114675]
[0.021307, 1.576827, -2.319881]
[0.022787, 1.5573, -2.359343]
[0.015981, 1.578361, -2.329109]
[0.010654, 1.576827, -2.338329]
[0.105868, 1.1568, -2.136511]
[0.075421, 1.350261, -2.189254]
[-0.131587, 0.486357, -2.319879]
[-0.112478, 0.485615, -2.384821]
[-0.065793, 0.486357, -2.433841]
[0.0, 0.485615, -2.189998]
[0.0, 0.965964, -2.069564]
[0.0, 0.591317, -2.080474]
[0.0, 0.764334, -2.058675]
[0.0, 1.578361, -2.338329]
[0.015981, 1.578361, -2.310653]
[1e-06, 1.583995, -2.319881]
[0.0, 1.350261, -2.167474]
[0.022787, 1.5573, -2.280417]
[0.0, 1.557769, -2.274778]
[-0.236942, 0.591317, -2.319879]
[-0.112478, 0.485615, -2.254939]
[-0.118471, 0.591317, -2.525085]
[0.0, 1.1568, -2.105952]
[-0.129263, 0.764334, -2.095993]
[-0.065793, 0.486357, -2.205919]
[-0.118471, 0.591317, -2.114675]
[0.0, 1.578361, -2.301431]
[-0.01598, 1.578361, -2.310653]
[-0.01598, 1.578361, -2.329109]
[0.010654, 1.576827, -2.301431]
[-0.207325, 0.591317, -2.439581]
[-0.207325, 0.591317, -2.200176]
[-0.258526, 0.764334, -2.319879]
[-0.105868, 1.1568, -2.136511]
[-0.07542, 1.350261, -2.189254]
[-0.123874, 0.965964, -2.105327]
[-0.021306, 1.576827, -2.319881]
[-0.010653, 1.576827, -2.301431]
[-0.039059, 1.557769, -2.297331]
[-0.010653, 1.576827, -2.338329]
[-0.22621, 0.764334, -2.189277]
[-0.22621, 0.764334, -2.450483]
[-0.216779, 0.965964, -2.194725]
[-0.216779, 0.965964, -2.445035]
[-0.247748, 0.965964, -2.319881]
[-0.129263, 0.764334, -2.543759]
[-0.131986, 1.350261, -2.243679]
[-0.022786, 1.5573, -2.280417]
[-0.039059, 1.557769, -2.342429]
[-0.045572, 1.5573, -2.319881]
[-0.022786, 1.5573, -2.359343]
[-0.07542, 1.350261, -2.450506]
[-0.18527, 1.1568, -2.212914]
[-0.18527, 1.1568, -2.426846]
[-0.211737, 1.1568, -2.319881]
[-0.150841, 1.350261, -2.319879]
[-0.105868, 1.1568, -2.503249]
[-0.123874, 0.965964, -2.534432]
[-0.131986, 1.350261, -2.396081]
