[1, 2, 3]
[1, 4, 2]
[1, 3, 5]
[1, 6, 4]
[1, 5, 7]
[1, 8, 6]
[1, 7, 9]
[1, 9, 8]
[2, 10, 3]
[2, 4, 11]
[2, 12, 10]
[2, 11, 12]
[5, 13, 7]
[5, 3, 14]
[5, 15, 13]
[5, 14, 15]
[6, 8, 16]
[6, 17, 4]
[6, 16, 18]
[6, 18, 17]
[9, 7, 19]
[9, 20, 8]
[9, 19, 21]
[9, 21, 20]
[10, 22, 3]
[3, 22, 14]
[11, 4, 23]
[23, 4, 17]
[13, 15, 24]
[13, 25, 7]
[13, 24, 26]
[13, 26, 25]
[25, 19, 7]
[16, 8, 27]
[27, 8, 20]
[22, 28, 14]
[15, 29, 24]
[15, 14, 30]
[15, 30, 29]
[30, 14, 28]
[31, 32, 33]
[31, 34, 32]
[31, 33, 35]
[31, 36, 34]
[31, 35, 37]
[31, 38, 36]
[31, 37, 39]
[31, 39, 38]
[32, 40, 33]
[32, 34, 41]
[32, 42, 40]
[32, 41, 42]
[35, 43, 37]
[35, 33, 44]
[35, 45, 43]
[35, 44, 45]
[36, 38, 46]
[36, 47, 34]
[36, 46, 48]
[36, 48, 47]
[39, 37, 49]
[39, 50, 38]
[39, 49, 51]
[39, 51, 50]
[40, 42, 52]
[40, 53, 33]
[40, 52, 54]
[40, 54, 53]
[53, 44, 33]
[41, 34, 55]
[41, 56, 42]
[41, 55, 57]
[41, 57, 56]
[55, 34, 47]
[43, 58, 37]
[37, 58, 49]
[46, 38, 59]
[59, 38, 50]
[52, 42, 60]
[60, 42, 56]
[61, 62, 63]
[62, 64, 65]
[63, 62, 65]
[64, 66, 65]
[63, 65, 67]
[65, 66, 67]
[62, 68, 64]
[63, 67, 69]
[66, 64, 70]
[62, 71, 68]
[67, 66, 72]
[69, 73, 74]
[64, 75, 70]
[71, 76, 68]
[67, 72, 77]
[67, 77, 69]
[66, 70, 78]
[73, 69, 77]
[74, 79, 69]
[64, 80, 75]
[64, 68, 80]
[76, 81, 68]
[68, 81, 80]
[72, 66, 82]
[66, 78, 82]
[70, 83, 78]
[73, 84, 85]
[77, 72, 86]
[74, 73, 85]
[79, 74, 87]
[74, 85, 87]
[75, 88, 89]
[70, 89, 83]
[70, 75, 89]
[76, 90, 91]
[81, 92, 80]
[82, 93, 72]
[72, 93, 86]
[78, 83, 94]
[84, 95, 96]
[96, 85, 84]
[85, 96, 87]
[77, 97, 73]
[73, 97, 84]
[77, 86, 97]
[79, 87, 98]
[88, 99, 100]
[80, 99, 75]
[75, 99, 88]
[80, 92, 99]
[89, 88, 101]
[76, 102, 81]
[76, 91, 102]
[90, 103, 91]
[82, 78, 104]
[78, 94, 104]
[93, 105, 86]
[95, 84, 106]
[86, 106, 97]
[97, 106, 84]
[86, 105, 106]
[100, 99, 107]
[92, 108, 109]
[88, 100, 110]
[88, 110, 101]
[81, 111, 92]
[81, 102, 111]
[90, 112, 103]
[91, 113, 114]
[91, 114, 102]
[91, 103, 113]
[82, 115, 93]
[93, 115, 105]
[82, 104, 115]
[95, 106, 116]
[116, 105, 115]
[105, 116, 106]
[99, 92, 117]
[99, 117, 107]
[108, 92, 118]
[92, 109, 117]
[92, 111, 118]
[100, 107, 119]
[110, 100, 120]
[100, 119, 120]
[112, 121, 122]
[112, 122, 103]
[114, 123, 124]
[102, 114, 124]
[102, 124, 111]
[113, 125, 114]
[114, 125, 123]
[108, 126, 127]
[109, 128, 117]
[118, 129, 130]
[129, 111, 124]
[129, 123, 130]
[129, 118, 111]
[129, 124, 123]
[107, 117, 131]
[117, 128, 131]
[107, 131, 119]
[110, 120, 132]
[121, 133, 122]
[103, 122, 134]
[113, 103, 135]
[103, 134, 135]
[125, 113, 136]
[113, 135, 136]
[108, 137, 126]
[108, 127, 109]
[118, 130, 137]
[118, 137, 108]
[123, 138, 139]
[123, 125, 138]
[123, 139, 130]
[128, 140, 141]
[131, 128, 141]
[119, 131, 142]
[131, 141, 142]
[120, 119, 143]
[132, 120, 144]
[120, 143, 144]
[121, 145, 133]
[122, 133, 146]
[122, 146, 134]
[136, 147, 148]
[125, 148, 138]
[125, 136, 148]
[126, 149, 150]
[127, 151, 152]
[137, 130, 153]
[130, 139, 153]
[140, 154, 141]
[128, 109, 152]
[127, 126, 150]
[127, 150, 151]
[127, 152, 109]
[128, 152, 140]
[142, 155, 119]
[119, 155, 143]
[142, 141, 155]
[144, 143, 156]
[145, 157, 133]
[146, 133, 158]
[147, 159, 160]
[147, 160, 148]
[149, 161, 150]
[137, 153, 162]
[126, 137, 162]
[126, 162, 149]
[139, 138, 163]
[151, 164, 152]
[140, 152, 165]
[152, 164, 165]
[141, 166, 155]
[155, 166, 143]
[144, 156, 132]
[157, 167, 168]
[133, 168, 158]
[133, 157, 168]
[159, 169, 160]
[148, 170, 138]
[148, 160, 170]
[161, 171, 172]
[161, 149, 171]
[162, 153, 173]
[139, 163, 174]
[139, 174, 153]
[140, 165, 154]
[141, 154, 166]
[143, 175, 156]
[143, 166, 175]
[167, 176, 177]
[167, 177, 168]
[158, 168, 178]
[169, 179, 160]
[160, 179, 170]
[138, 170, 180]
[138, 180, 163]
[149, 162, 181]
[181, 171, 149]
[181, 162, 173]
[174, 163, 182]
[163, 180, 182]
[153, 183, 173]
[174, 182, 183]
[174, 183, 153]
[165, 184, 154]
[184, 175, 166]
[166, 154, 184]
[176, 185, 186]
[177, 187, 168]
[178, 168, 188]
[168, 187, 188]
[169, 189, 190]
[189, 188, 187]
[189, 187, 190]
[169, 190, 179]
[170, 191, 192]
[170, 192, 180]
[170, 179, 191]
[182, 180, 193]
[183, 182, 194]
[182, 193, 194]
[176, 195, 185]
[176, 186, 177]
[187, 177, 196]
[177, 186, 196]
[187, 196, 190]
[192, 191, 197]
[179, 198, 191]
[190, 196, 198]
[190, 198, 179]
[180, 199, 193]
[180, 192, 199]
[194, 193, 200]
[193, 199, 200]
[195, 201, 185]
[186, 202, 203]
[186, 203, 196]
[196, 203, 198]
[186, 185, 202]
[197, 191, 204]
[191, 198, 204]
[192, 197, 205]
[192, 205, 199]
[200, 199, 206]
[201, 207, 208]
[203, 202, 209]
[185, 210, 202]
[201, 210, 185]
[201, 208, 210]
[198, 211, 204]
[198, 203, 211]
[197, 204, 212]
[197, 212, 205]
[199, 205, 213]
[213, 206, 199]
[207, 214, 208]
[209, 215, 216]
[202, 215, 209]
[202, 210, 215]
[203, 217, 211]
[203, 209, 217]
[204, 211, 218]
[211, 217, 218]
[204, 218, 212]
[205, 212, 219]
[207, 220, 214]
[208, 221, 210]
[210, 221, 215]
[216, 222, 209]
[209, 222, 217]
[218, 217, 223]
[217, 222, 223]
[212, 218, 224]
[218, 223, 224]
[212, 224, 219]
[220, 225, 214]
[221, 226, 215]
[215, 226, 216]
[222, 227, 228]
[227, 216, 226]
[216, 227, 222]
[223, 222, 229]
[222, 228, 229]
[224, 223, 230]
[223, 229, 230]
[219, 224, 231]
[224, 230, 231]
[220, 232, 225]
[230, 233, 231]
[232, 234, 235]
[232, 235, 225]
[234, 236, 235]
[234, 237, 236]
[237, 238, 236]
[237, 239, 238]
[239, 240, 241]
[241, 238, 239]
[242, 243, 244]
[243, 245, 244]
[243, 246, 245]
[244, 245, 247]
[243, 248, 246]
[244, 249, 250]
[244, 247, 249]
[245, 251, 247]
[245, 246, 251]
[248, 252, 253]
[250, 249, 254]
[247, 251, 255]
[246, 256, 251]
[248, 253, 257]
[252, 98, 87]
[252, 87, 253]
[249, 258, 254]
[247, 255, 259]
[246, 260, 256]
[248, 260, 246]
[248, 257, 260]
[251, 261, 255]
[87, 262, 253]
[253, 262, 257]
[249, 263, 258]
[247, 259, 263]
[247, 263, 249]
[254, 264, 265]
[256, 266, 251]
[251, 266, 261]
[260, 267, 256]
[255, 261, 83]
[87, 96, 262]
[257, 262, 268]
[262, 96, 268]
[258, 269, 270]
[254, 258, 270]
[254, 270, 264]
[259, 89, 271]
[255, 89, 259]
[255, 83, 89]
[263, 272, 273]
[263, 273, 258]
[259, 271, 272]
[259, 272, 263]
[258, 273, 269]
[265, 264, 274]
[266, 256, 275]
[256, 267, 275]
[260, 257, 276]
[257, 268, 276]
[260, 276, 267]
[261, 94, 83]
[96, 95, 268]
[270, 277, 278]
[270, 269, 277]
[270, 278, 264]
[89, 101, 271]
[272, 279, 273]
[265, 274, 280]
[266, 104, 261]
[261, 104, 94]
[275, 267, 281]
[276, 268, 282]
[267, 276, 282]
[267, 282, 281]
[268, 95, 282]
[269, 283, 277]
[278, 277, 284]
[277, 283, 284]
[264, 285, 274]
[264, 278, 285]
[101, 110, 271]
[272, 271, 286]
[271, 110, 286]
[279, 287, 288]
[273, 288, 289]
[280, 274, 290]
[266, 115, 104]
[275, 115, 266]
[275, 281, 115]
[95, 116, 282]
[116, 115, 281]
[281, 282, 116]
[269, 291, 283]
[273, 279, 288]
[273, 289, 291]
[273, 291, 269]
[284, 292, 278]
[278, 292, 285]
[272, 286, 293]
[272, 293, 279]
[110, 294, 286]
[287, 279, 295]
[279, 293, 295]
[280, 290, 296]
[274, 297, 290]
[283, 291, 298]
[283, 298, 284]
[288, 299, 300]
[288, 300, 289]
[288, 287, 299]
[292, 301, 285]
[110, 132, 294]
[286, 302, 293]
[293, 302, 295]
[286, 294, 302]
[296, 290, 303]
[274, 304, 297]
[304, 285, 301]
[285, 304, 274]
[291, 305, 298]
[291, 289, 305]
[284, 306, 292]
[300, 299, 151]
[287, 307, 308]
[287, 295, 307]
[287, 308, 299]
[132, 309, 294]
[302, 310, 295]
[295, 310, 307]
[296, 303, 311]
[290, 312, 303]
[290, 297, 312]
[301, 313, 314]
[292, 306, 313]
[292, 313, 301]
[298, 315, 284]
[284, 315, 306]
[289, 300, 316]
[289, 316, 305]
[151, 299, 164]
[308, 307, 317]
[132, 156, 309]
[294, 318, 302]
[309, 156, 318]
[309, 318, 294]
[310, 302, 319]
[302, 318, 319]
[310, 319, 307]
[311, 303, 320]
[312, 321, 303]
[314, 322, 323]
[314, 313, 322]
[298, 324, 315]
[298, 305, 324]
[306, 325, 313]
[313, 325, 322]
[300, 151, 150]
[300, 150, 316]
[299, 165, 164]
[317, 307, 326]
[319, 318, 326]
[319, 326, 307]
[156, 175, 318]
[318, 175, 326]
[320, 327, 328]
[303, 321, 327]
[303, 327, 320]
[323, 322, 329]
[315, 330, 306]
[305, 331, 324]
[305, 316, 331]
[325, 332, 333]
[322, 325, 333]
[322, 333, 329]
[150, 334, 316]
[316, 334, 331]
[299, 308, 165]
[308, 317, 165]
[175, 184, 326]
[184, 317, 326]
[317, 184, 165]
[328, 335, 336]
[328, 327, 335]
[321, 337, 327]
[315, 338, 330]
[315, 324, 338]
[306, 330, 339]
[306, 339, 325]
[332, 340, 333]
[329, 341, 342]
[333, 340, 341]
[333, 341, 329]
[150, 161, 334]
[331, 343, 344]
[331, 344, 324]
[331, 334, 343]
[336, 345, 346]
[335, 347, 348]
[335, 327, 347]
[341, 347, 342]
[341, 340, 348]
[335, 345, 336]
[335, 348, 345]
[341, 348, 347]
[337, 349, 327]
[349, 342, 347]
[347, 327, 349]
[338, 350, 330]
[330, 350, 339]
[325, 351, 332]
[325, 339, 351]
[161, 172, 352]
[352, 334, 161]
[334, 352, 343]
[344, 353, 324]
[338, 353, 350]
[338, 324, 353]
[346, 354, 355]
[340, 356, 348]
[345, 348, 356]
[345, 354, 346]
[345, 356, 354]
[336, 346, 357]
[332, 358, 340]
[339, 359, 360]
[339, 360, 351]
[339, 350, 359]
[353, 361, 350]
[350, 361, 359]
[355, 354, 362]
[356, 340, 363]
[340, 358, 363]
[346, 364, 357]
[346, 355, 364]
[332, 365, 358]
[332, 351, 365]
[360, 366, 351]
[351, 366, 365]
[361, 367, 359]
[359, 367, 360]
[354, 368, 362]
[354, 356, 368]
[363, 369, 356]
[356, 369, 368]
[355, 362, 221]
[364, 208, 370]
[355, 208, 364]
[355, 221, 208]
[358, 371, 363]
[363, 371, 369]
[366, 372, 365]
[358, 365, 372]
[358, 372, 371]
[367, 373, 360]
[368, 374, 362]
[370, 208, 214]
[221, 362, 226]
[362, 374, 226]
[369, 375, 368]
[368, 375, 374]
[366, 376, 372]
[371, 377, 369]
[369, 377, 375]
[373, 378, 360]
[360, 378, 366]
[370, 214, 379]
[226, 374, 227]
[374, 375, 227]
[376, 380, 372]
[371, 372, 380]
[371, 380, 377]
[214, 225, 379]
[375, 228, 227]
[376, 381, 380]
[377, 229, 375]
[375, 229, 228]
[225, 235, 382]
[225, 382, 379]
[381, 230, 380]
[377, 380, 230]
[377, 230, 229]
[235, 383, 382]
[381, 233, 230]
[235, 236, 383]
[236, 238, 384]
[236, 384, 383]
[238, 241, 385]
[238, 385, 384]
[241, 240, 385]
[386, 304, 387]
[304, 301, 387]
[301, 388, 387]
[301, 314, 388]
[314, 323, 388]
[323, 389, 388]
[323, 329, 389]
[329, 390, 389]
[329, 342, 390]
[342, 349, 391]
[342, 391, 390]
[349, 392, 391]
[349, 337, 392]
[337, 393, 392]
[337, 321, 393]
[321, 394, 393]
[321, 395, 394]
[321, 312, 395]
[312, 297, 396]
[312, 396, 395]
[297, 386, 396]
[297, 304, 386]
[213, 205, 397]
[205, 219, 398]
[205, 398, 397]
[219, 399, 398]
[397, 398, 400]
[219, 231, 399]
[398, 399, 401]
[398, 401, 400]
[231, 402, 399]
[401, 403, 400]
[231, 233, 402]
[399, 404, 401]
[399, 402, 404]
[403, 401, 405]
[401, 404, 405]
[233, 406, 402]
[403, 405, 407]
[404, 402, 408]
[402, 406, 408]
[233, 381, 409]
[405, 410, 411]
[405, 411, 407]
[404, 410, 405]
[404, 408, 410]
[406, 412, 408]
[233, 409, 406]
[381, 376, 413]
[381, 413, 409]
[411, 414, 407]
[410, 415, 416]
[410, 408, 415]
[408, 412, 415]
[410, 416, 411]
[406, 409, 417]
[376, 366, 418]
[376, 418, 413]
[414, 419, 420]
[420, 407, 414]
[412, 421, 415]
[416, 415, 422]
[415, 421, 422]
[411, 416, 423]
[416, 422, 423]
[411, 423, 414]
[406, 417, 412]
[409, 413, 424]
[409, 424, 417]
[366, 378, 425]
[366, 425, 418]
[419, 414, 426]
[414, 423, 426]
[421, 427, 422]
[412, 417, 428]
[413, 418, 429]
[413, 429, 424]
[425, 430, 418]
[418, 430, 429]
[419, 426, 431]
[423, 432, 426]
[422, 427, 432]
[422, 432, 423]
[412, 428, 421]
[417, 424, 433]
[417, 433, 428]
[430, 434, 429]
[431, 426, 435]
[427, 436, 432]
[436, 435, 426]
[426, 432, 436]
[421, 428, 437]
[424, 429, 438]
[429, 434, 438]
[424, 438, 433]
[421, 437, 427]
[428, 433, 439]
[428, 439, 437]
[434, 440, 438]
[427, 437, 441]
[433, 438, 442]
[438, 440, 442]
[433, 442, 439]
[427, 441, 436]
[437, 439, 443]
[439, 442, 443]
[437, 443, 441]
[440, 444, 442]
[442, 444, 443]
[436, 441, 445]
[443, 444, 445]
[443, 445, 441]
[440, 446, 444]
[436, 445, 435]
[446, 447, 444]
[444, 447, 445]
[435, 445, 431]
[431, 445, 447]
[188, 448, 178]
[448, 449, 178]
[448, 450, 449]
[178, 449, 158]
[450, 451, 452]
[450, 452, 449]
[158, 449, 453]
[449, 452, 453]
[451, 454, 452]
[158, 455, 146]
[158, 453, 455]
[451, 456, 454]
[452, 454, 457]
[452, 457, 453]
[146, 458, 134]
[146, 455, 458]
[456, 459, 454]
[457, 454, 460]
[454, 459, 460]
[453, 461, 455]
[453, 457, 461]
[134, 462, 135]
[134, 458, 462]
[456, 463, 459]
[460, 464, 465]
[457, 465, 461]
[457, 460, 465]
[455, 466, 458]
[455, 461, 466]
[462, 458, 467]
[458, 466, 467]
[463, 468, 459]
[464, 469, 470]
[459, 469, 460]
[460, 469, 464]
[459, 468, 469]
[465, 471, 461]
[461, 471, 466]
[467, 466, 472]
[466, 471, 472]
[463, 473, 468]
[470, 469, 474]
[469, 468, 474]
[464, 475, 465]
[465, 475, 471]
[472, 471, 476]
[471, 475, 476]
[463, 477, 473]
[470, 478, 464]
[464, 478, 475]
[468, 473, 479]
[474, 479, 470]
[474, 468, 479]
[476, 475, 480]
[475, 478, 480]
[477, 481, 482]
[473, 477, 482]
[473, 482, 479]
[470, 483, 478]
[470, 479, 483]
[480, 478, 484]
[481, 485, 482]
[479, 486, 483]
[479, 482, 486]
[478, 487, 484]
[478, 483, 487]
[485, 488, 489]
[482, 485, 490]
[485, 489, 490]
[486, 491, 492]
[484, 487, 493]
[483, 486, 492]
[488, 494, 495]
[495, 489, 488]
[482, 496, 486]
[486, 496, 491]
[482, 490, 496]
[487, 497, 493]
[492, 497, 483]
[483, 497, 487]
[492, 491, 497]
[494, 488, 498]
[489, 499, 490]
[496, 500, 491]
[493, 497, 501]
[497, 491, 501]
[494, 502, 503]
[494, 498, 502]
[499, 504, 505]
[505, 490, 499]
[505, 500, 496]
[505, 504, 500]
[505, 496, 490]
[493, 501, 506]
[491, 500, 507]
[503, 502, 508]
[498, 509, 502]
[504, 510, 500]
[500, 510, 507]
[501, 511, 506]
[491, 512, 501]
[501, 512, 511]
[491, 507, 512]
[503, 513, 514]
[503, 508, 513]
[509, 515, 516]
[502, 509, 516]
[502, 516, 508]
[510, 514, 517]
[510, 517, 507]
[506, 511, 518]
[512, 507, 519]
[507, 517, 519]
[512, 519, 511]
[513, 508, 520]
[515, 521, 516]
[514, 522, 517]
[514, 513, 522]
[518, 523, 524]
[518, 511, 523]
[519, 517, 525]
[511, 525, 523]
[511, 519, 525]
[517, 522, 525]
[508, 516, 526]
[508, 526, 520]
[521, 527, 516]
[516, 527, 526]
[513, 520, 528]
[525, 528, 523]
[522, 528, 525]
[522, 513, 528]
[524, 529, 530]
[523, 529, 524]
[523, 528, 529]
[521, 531, 527]
[526, 532, 520]
[530, 533, 534]
[530, 529, 533]
[528, 520, 535]
[529, 528, 535]
[529, 535, 533]
[520, 532, 535]
[531, 536, 537]
[527, 537, 538]
[527, 538, 526]
[526, 538, 532]
[527, 531, 537]
[534, 533, 539]
[535, 532, 540]
[535, 540, 533]
[536, 541, 537]
[537, 541, 538]
[531, 542, 536]
[539, 533, 543]
[533, 540, 543]
[532, 544, 545]
[532, 538, 544]
[540, 532, 545]
[540, 545, 543]
[538, 541, 544]
[542, 546, 536]
[536, 546, 541]
[539, 543, 547]
[545, 544, 548]
[542, 549, 546]
[541, 546, 550]
[544, 550, 548]
[544, 541, 550]
[543, 551, 547]
[545, 548, 551]
[545, 551, 543]
[549, 552, 553]
[546, 549, 553]
[546, 553, 550]
[547, 551, 554]
[548, 555, 551]
[551, 555, 554]
[552, 556, 553]
[550, 553, 557]
[557, 555, 548]
[557, 554, 555]
[557, 556, 554]
[557, 548, 550]
[557, 553, 556]
[558, 559, 560]
[559, 561, 560]
[559, 503, 561]
[560, 561, 562]
[503, 514, 561]
[560, 562, 563]
[514, 510, 561]
[561, 510, 562]
[563, 564, 565]
[563, 562, 564]
[510, 504, 562]
[562, 504, 564]
[565, 566, 563]
[504, 499, 564]
[565, 567, 566]
[565, 564, 567]
[563, 566, 560]
[499, 489, 568]
[564, 568, 567]
[564, 499, 568]
[566, 567, 569]
[567, 568, 569]
[560, 566, 558]
[489, 570, 568]
[568, 570, 569]
[566, 569, 571]
[558, 566, 572]
[572, 566, 571]
[489, 495, 573]
[570, 489, 573]
[570, 573, 569]
[495, 494, 574]
[495, 574, 573]
[569, 573, 571]
[573, 574, 571]
[494, 503, 559]
[494, 559, 574]
[571, 574, 572]
[574, 559, 572]
[559, 558, 572]
[575, 576, 577]
[576, 578, 577]
[576, 579, 578]
[577, 578, 580]
[579, 581, 578]
[580, 582, 583]
[578, 581, 582]
[578, 582, 580]
[579, 584, 585]
[579, 585, 581]
[583, 582, 586]
[584, 587, 585]
[581, 588, 582]
[582, 588, 586]
[581, 585, 588]
[583, 586, 589]
[587, 590, 591]
[585, 592, 588]
[592, 587, 591]
[592, 585, 587]
[592, 591, 588]
[586, 593, 589]
[590, 594, 591]
[587, 595, 596]
[590, 596, 594]
[590, 587, 596]
[588, 597, 586]
[597, 593, 586]
[597, 588, 591]
[597, 594, 593]
[597, 591, 594]
[589, 593, 598]
[595, 599, 596]
[587, 584, 600]
[595, 600, 599]
[595, 587, 600]
[594, 601, 593]
[596, 601, 594]
[596, 599, 601]
[598, 593, 602]
[601, 599, 602]
[601, 602, 593]
[584, 579, 600]
[598, 602, 603]
[599, 604, 602]
[602, 604, 603]
[579, 576, 605]
[599, 600, 605]
[600, 579, 605]
[599, 605, 604]
[603, 604, 606]
[576, 575, 607]
[607, 604, 605]
[607, 606, 604]
[607, 605, 576]
[607, 575, 606]
[188, 608, 448]
[188, 189, 608]
[448, 608, 609]
[189, 610, 608]
[448, 609, 450]
[189, 169, 610]
[608, 610, 611]
[608, 611, 609]
[450, 612, 451]
[450, 609, 612]
[169, 613, 610]
[611, 614, 615]
[610, 613, 614]
[610, 614, 611]
[451, 616, 456]
[451, 612, 616]
[609, 617, 612]
[611, 615, 617]
[611, 617, 609]
[169, 159, 613]
[614, 618, 619]
[614, 619, 615]
[613, 159, 618]
[613, 618, 614]
[456, 620, 463]
[456, 616, 620]
[612, 621, 616]
[612, 617, 621]
[619, 622, 623]
[615, 624, 617]
[617, 624, 621]
[159, 147, 618]
[463, 625, 477]
[463, 620, 625]
[616, 626, 620]
[616, 621, 626]
[619, 618, 622]
[623, 462, 467]
[615, 619, 627]
[619, 623, 627]
[615, 627, 624]
[147, 136, 618]
[618, 136, 622]
[477, 625, 628]
[620, 629, 625]
[625, 629, 628]
[620, 626, 629]
[621, 630, 626]
[621, 624, 630]
[462, 622, 135]
[622, 462, 623]
[622, 136, 135]
[467, 631, 623]
[623, 631, 627]
[477, 628, 481]
[629, 626, 632]
[626, 630, 632]
[624, 627, 633]
[627, 631, 633]
[467, 472, 631]
[628, 634, 481]
[629, 632, 635]
[628, 635, 634]
[628, 629, 635]
[630, 624, 636]
[624, 633, 636]
[630, 636, 632]
[472, 637, 631]
[631, 637, 633]
[481, 634, 485]
[635, 638, 639]
[635, 632, 638]
[635, 639, 634]
[636, 633, 640]
[633, 637, 640]
[472, 476, 637]
[637, 476, 640]
[485, 634, 488]
[632, 636, 641]
[638, 642, 639]
[476, 480, 640]
[634, 643, 488]
[634, 639, 643]
[632, 641, 644]
[632, 644, 638]
[636, 645, 641]
[636, 640, 645]
[642, 646, 639]
[639, 646, 643]
[480, 484, 640]
[640, 484, 645]
[488, 643, 498]
[644, 647, 648]
[641, 645, 647]
[641, 647, 644]
[638, 644, 649]
[644, 648, 649]
[638, 649, 642]
[646, 650, 643]
[643, 650, 498]
[484, 493, 645]
[645, 493, 647]
[648, 518, 651]
[649, 651, 652]
[649, 652, 642]
[649, 648, 651]
[646, 653, 654]
[646, 654, 650]
[642, 652, 653]
[642, 653, 646]
[498, 650, 509]
[493, 506, 647]
[506, 518, 648]
[648, 647, 506]
[651, 518, 524]
[654, 655, 656]
[652, 657, 658]
[653, 658, 655]
[653, 655, 654]
[652, 651, 657]
[651, 524, 657]
[652, 658, 653]
[650, 659, 509]
[654, 656, 659]
[654, 659, 650]
[655, 660, 656]
[524, 530, 657]
[658, 661, 662]
[658, 662, 655]
[657, 530, 661]
[657, 661, 658]
[655, 662, 660]
[509, 659, 515]
[656, 660, 663]
[530, 534, 661]
[662, 664, 665]
[662, 665, 660]
[661, 534, 664]
[661, 664, 662]
[659, 666, 515]
[656, 666, 659]
[656, 663, 666]
[665, 667, 660]
[660, 667, 663]
[534, 539, 664]
[515, 666, 521]
[665, 668, 667]
[663, 669, 666]
[666, 669, 521]
[539, 547, 670]
[664, 539, 670]
[664, 670, 665]
[668, 671, 672]
[663, 667, 672]
[667, 668, 672]
[663, 672, 669]
[521, 669, 531]
[547, 554, 673]
[670, 547, 674]
[547, 673, 674]
[665, 675, 668]
[670, 674, 675]
[670, 675, 665]
[671, 676, 677]
[668, 676, 671]
[668, 675, 676]
[672, 671, 678]
[669, 678, 531]
[669, 672, 678]
[554, 556, 673]
[674, 673, 679]
[675, 674, 679]
[675, 679, 676]
[677, 676, 680]
[671, 677, 681]
[678, 681, 531]
[678, 671, 681]
[556, 680, 682]
[682, 679, 673]
[682, 680, 676]
[682, 673, 556]
[682, 676, 679]
[677, 680, 552]
[680, 556, 552]
[531, 681, 542]
[677, 552, 549]
[549, 542, 681]
[681, 677, 549]
[683, 684, 685]
[684, 686, 685]
[684, 687, 686]
[685, 686, 688]
[687, 689, 686]
[688, 686, 690]
[686, 689, 690]
[687, 691, 689]
[690, 692, 693]
[690, 689, 692]
[691, 694, 695]
[689, 691, 695]
[689, 695, 692]
[693, 692, 696]
[694, 697, 698]
[694, 698, 695]
[693, 696, 699]
[692, 700, 696]
[695, 698, 700]
[695, 700, 692]
[697, 701, 698]
[693, 699, 702]
[696, 703, 699]
[700, 698, 704]
[698, 701, 704]
[697, 705, 701]
[702, 706, 707]
[696, 708, 703]
[700, 704, 708]
[700, 708, 696]
[699, 709, 710]
[699, 710, 702]
[702, 710, 706]
[699, 703, 709]
[705, 711, 701]
[707, 706, 712]
[704, 701, 713]
[701, 711, 713]
[704, 713, 708]
[710, 714, 715]
[710, 709, 714]
[710, 715, 706]
[703, 716, 717]
[703, 708, 716]
[708, 713, 716]
[703, 717, 709]
[705, 718, 711]
[716, 713, 718]
[713, 711, 718]
[716, 718, 717]
[712, 706, 719]
[706, 715, 719]
[714, 709, 720]
[709, 717, 720]
[705, 721, 718]
[721, 717, 718]
[717, 721, 720]
[712, 719, 722]
[723, 724, 725]
[724, 726, 727]
[724, 727, 725]
[726, 728, 727]
[725, 727, 729]
[726, 730, 728]
[727, 728, 731]
[727, 731, 729]
[730, 732, 733]
[728, 734, 735]
[728, 735, 731]
[730, 733, 734]
[730, 734, 728]
[729, 731, 736]
[731, 735, 736]
[732, 737, 733]
[734, 733, 738]
[729, 736, 739]
[735, 740, 741]
[735, 734, 740]
[734, 738, 740]
[735, 741, 736]
[732, 742, 737]
[733, 743, 738]
[733, 737, 743]
[739, 736, 744]
[740, 738, 745]
[741, 740, 746]
[740, 745, 746]
[742, 747, 748]
[742, 748, 737]
[743, 749, 750]
[743, 750, 738]
[737, 748, 749]
[737, 749, 743]
[738, 750, 745]
[736, 741, 751]
[736, 751, 744]
[746, 745, 752]
[747, 753, 754]
[748, 747, 754]
[748, 754, 749]
[750, 755, 756]
[741, 757, 751]
[746, 752, 757]
[746, 757, 741]
[744, 751, 758]
[745, 759, 752]
[750, 749, 755]
[750, 756, 759]
[750, 759, 745]
[753, 683, 754]
[757, 752, 760]
[751, 757, 761]
[757, 760, 761]
[751, 761, 758]
[749, 762, 755]
[749, 754, 762]
[756, 755, 763]
[759, 756, 764]
[759, 764, 752]
[683, 685, 754]
[754, 685, 762]
[760, 752, 765]
[752, 764, 765]
[761, 760, 766]
[758, 761, 767]
[761, 766, 767]
[755, 768, 763]
[755, 762, 768]
[756, 763, 769]
[756, 769, 764]
[685, 688, 762]
[762, 688, 768]
[765, 764, 770]
[760, 771, 766]
[760, 765, 771]
[767, 766, 772]
[763, 768, 773]
[769, 763, 774]
[763, 773, 774]
[688, 690, 775]
[768, 688, 775]
[768, 775, 773]
[764, 769, 776]
[764, 776, 770]
[765, 777, 771]
[766, 771, 778]
[766, 778, 772]
[774, 779, 780]
[690, 781, 775]
[773, 775, 782]
[773, 779, 774]
[773, 782, 779]
[775, 781, 782]
[769, 774, 783]
[774, 780, 783]
[769, 783, 776]
[770, 784, 785]
[765, 785, 777]
[765, 770, 785]
[771, 786, 778]
[771, 777, 786]
[690, 693, 781]
[779, 787, 780]
[782, 781, 788]
[783, 780, 789]
[776, 783, 790]
[783, 789, 790]
[784, 791, 792]
[770, 793, 784]
[776, 790, 793]
[776, 793, 770]
[785, 792, 794]
[794, 786, 777]
[785, 784, 792]
[785, 794, 777]
[693, 795, 796]
[781, 693, 796]
[781, 796, 788]
[779, 797, 787]
[782, 788, 797]
[782, 797, 779]
[780, 787, 798]
[780, 798, 789]
[791, 784, 799]
[784, 793, 799]
[790, 800, 801]
[790, 789, 800]
[793, 801, 799]
[793, 790, 801]
[795, 702, 802]
[693, 702, 795]
[796, 803, 804]
[796, 804, 788]
[796, 795, 803]
[797, 788, 805]
[788, 804, 805]
[787, 797, 806]
[797, 805, 806]
[798, 807, 808]
[787, 806, 807]
[787, 807, 798]
[791, 799, 809]
[789, 810, 800]
[798, 808, 810]
[798, 810, 789]
[801, 811, 799]
[802, 707, 812]
[702, 707, 802]
[795, 802, 813]
[795, 813, 803]
[804, 814, 805]
[806, 815, 816]
[806, 816, 807]
[806, 805, 815]
[809, 799, 817]
[799, 811, 817]
[800, 818, 801]
[801, 818, 811]
[800, 810, 818]
[808, 807, 819]
[812, 707, 820]
[802, 821, 813]
[802, 812, 821]
[803, 813, 822]
[804, 823, 814]
[803, 822, 823]
[803, 823, 804]
[816, 815, 824]
[805, 814, 825]
[805, 825, 815]
[809, 817, 826]
[811, 827, 817]
[810, 828, 829]
[829, 811, 818]
[829, 828, 827]
[829, 818, 810]
[810, 808, 828]
[829, 827, 811]
[807, 816, 830]
[816, 824, 830]
[807, 830, 819]
[707, 712, 820]
[812, 820, 739]
[821, 812, 744]
[812, 739, 744]
[813, 831, 822]
[813, 821, 831]
[823, 832, 814]
[814, 832, 825]
[815, 825, 833]
[815, 833, 824]
[826, 817, 834]
[808, 835, 828]
[808, 819, 835]
[827, 828, 836]
[830, 824, 837]
[712, 838, 820]
[739, 820, 729]
[820, 838, 729]
[744, 758, 821]
[821, 758, 831]
[822, 839, 840]
[822, 840, 823]
[823, 840, 832]
[822, 831, 839]
[825, 841, 833]
[817, 842, 834]
[817, 827, 842]
[819, 843, 835]
[830, 837, 843]
[830, 843, 819]
[828, 844, 836]
[835, 844, 828]
[835, 843, 844]
[824, 845, 837]
[824, 833, 845]
[712, 722, 838]
[729, 838, 725]
[758, 767, 831]
[831, 767, 839]
[840, 846, 847]
[840, 847, 832]
[840, 839, 846]
[825, 848, 841]
[834, 842, 849]
[827, 836, 850]
[842, 827, 850]
[842, 850, 849]
[843, 851, 844]
[837, 845, 851]
[837, 851, 843]
[833, 841, 852]
[833, 852, 845]
[722, 853, 838]
[725, 838, 723]
[723, 838, 853]
[767, 772, 839]
[839, 772, 846]
[847, 854, 832]
[854, 848, 825]
[825, 832, 854]
[836, 844, 855]
[836, 855, 850]
[849, 850, 856]
[850, 855, 856]
[851, 857, 844]
[845, 852, 857]
[845, 857, 851]
[844, 857, 855]
[856, 855, 858]
[858, 857, 852]
[857, 858, 855]
[859, 860, 861]
[860, 862, 863]
[860, 863, 861]
[862, 864, 865]
[863, 866, 867]
[863, 867, 861]
[863, 862, 865]
[863, 865, 866]
[864, 868, 865]
[865, 868, 866]
[867, 866, 869]
[862, 870, 864]
[868, 871, 872]
[866, 868, 873]
[868, 864, 871]
[868, 872, 873]
[866, 873, 869]
[870, 874, 864]
[871, 875, 872]
[873, 872, 876]
[869, 877, 878]
[873, 876, 877]
[873, 877, 869]
[874, 879, 880]
[864, 880, 871]
[864, 874, 880]
[875, 881, 872]
[872, 881, 876]
[878, 882, 883]
[878, 877, 882]
[879, 884, 880]
[871, 880, 885]
[880, 884, 885]
[871, 885, 875]
[881, 875, 886]
[875, 885, 886]
[876, 887, 888]
[876, 888, 877]
[877, 888, 882]
[876, 881, 887]
[883, 882, 889]
[879, 890, 884]
[885, 891, 886]
[885, 884, 891]
[888, 887, 892]
[882, 888, 892]
[882, 892, 889]
[881, 886, 893]
[881, 893, 887]
[883, 889, 894]
[890, 895, 896]
[884, 896, 891]
[884, 890, 896]
[892, 897, 898]
[886, 891, 899]
[893, 900, 901]
[887, 901, 897]
[887, 897, 892]
[893, 886, 900]
[886, 899, 900]
[893, 901, 887]
[889, 902, 894]
[892, 898, 902]
[892, 902, 889]
[895, 903, 896]
[891, 896, 904]
[896, 903, 904]
[891, 904, 899]
[897, 905, 906]
[897, 901, 905]
[897, 906, 898]
[900, 907, 908]
[901, 900, 908]
[901, 908, 905]
[894, 902, 909]
[903, 910, 904]
[899, 911, 900]
[900, 911, 907]
[906, 905, 912]
[898, 906, 913]
[908, 914, 915]
[908, 907, 914]
[905, 915, 912]
[905, 908, 915]
[902, 898, 916]
[898, 913, 916]
[909, 902, 917]
[917, 902, 916]
[910, 918, 904]
[904, 918, 899]
[911, 919, 920]
[899, 918, 919]
[899, 919, 911]
[906, 912, 921]
[906, 921, 913]
[907, 922, 914]
[915, 914, 923]
[910, 924, 918]
[918, 924, 919]
[920, 925, 926]
[925, 919, 924]
[919, 925, 920]
[911, 920, 927]
[907, 927, 922]
[907, 911, 927]
[912, 928, 921]
[913, 921, 929]
[915, 923, 930]
[912, 930, 928]
[912, 915, 930]
[914, 931, 923]
[914, 922, 931]
[926, 932, 920]
[920, 932, 927]
[921, 933, 929]
[921, 928, 933]
[930, 923, 934]
[922, 927, 935]
[927, 932, 935]
[931, 936, 937]
[922, 935, 936]
[922, 936, 931]
[926, 938, 932]
[929, 933, 939]
[928, 940, 941]
[928, 930, 940]
[930, 934, 940]
[928, 941, 933]
[923, 942, 934]
[931, 937, 942]
[931, 942, 923]
[935, 932, 943]
[936, 935, 944]
[935, 943, 944]
[936, 944, 937]
[938, 945, 932]
[932, 945, 943]
[939, 946, 947]
[940, 948, 941]
[933, 949, 939]
[939, 949, 946]
[933, 941, 949]
[934, 950, 940]
[940, 950, 948]
[942, 951, 952]
[942, 937, 951]
[934, 952, 950]
[934, 942, 952]
[944, 943, 953]
[944, 953, 937]
[938, 954, 945]
[947, 955, 956]
[947, 946, 955]
[941, 948, 957]
[941, 957, 949]
[951, 958, 952]
[950, 959, 960]
[950, 960, 948]
[950, 952, 959]
[943, 945, 961]
[943, 961, 953]
[937, 953, 962]
[953, 961, 962]
[937, 962, 951]
[954, 963, 945]
[956, 964, 965]
[946, 966, 955]
[957, 948, 967]
[949, 957, 968]
[946, 968, 966]
[946, 949, 968]
[958, 969, 952]
[952, 969, 959]
[960, 959, 970]
[959, 969, 970]
[961, 971, 962]
[951, 962, 972]
[951, 972, 958]
[963, 973, 945]
[945, 973, 961]
[956, 955, 964]
[965, 870, 862]
[948, 960, 974]
[948, 974, 967]
[957, 967, 975]
[957, 975, 968]
[966, 976, 977]
[955, 977, 964]
[955, 966, 977]
[969, 978, 970]
[971, 979, 980]
[961, 973, 979]
[961, 979, 971]
[962, 971, 981]
[971, 980, 981]
[962, 981, 972]
[958, 982, 969]
[972, 981, 982]
[972, 982, 958]
[969, 982, 978]
[963, 983, 973]
[973, 983, 979]
[956, 965, 984]
[870, 965, 964]
[862, 985, 965]
[965, 985, 984]
[974, 986, 987]
[975, 988, 968]
[966, 988, 976]
[966, 968, 988]
[977, 976, 879]
[970, 978, 989]
[980, 990, 981]
[982, 981, 991]
[991, 989, 978]
[991, 981, 990]
[991, 978, 982]
[991, 990, 989]
[983, 992, 979]
[979, 992, 980]
[870, 964, 874]
[874, 977, 879]
[977, 874, 964]
[862, 860, 985]
[984, 985, 993]
[974, 994, 986]
[987, 995, 974]
[975, 967, 996]
[967, 974, 996]
[988, 997, 976]
[970, 989, 994]
[990, 980, 998]
[980, 992, 998]
[879, 976, 890]
[976, 997, 890]
[860, 859, 985]
[993, 985, 999]
[999, 985, 859]
[986, 994, 1000]
[1000, 989, 990]
[1000, 990, 998]
[1000, 994, 989]
[995, 1001, 996]
[995, 996, 974]
[975, 1002, 988]
[996, 1001, 1002]
[996, 1002, 975]
[988, 1002, 997]
[970, 994, 960]
[960, 994, 974]
[890, 997, 895]
[1001, 1003, 1002]
[1003, 895, 997]
[997, 1002, 1003]
[917, 916, 1004]
[916, 1005, 1004]
[916, 913, 1005]
[1004, 1005, 1006]
[913, 929, 1005]
[1006, 1005, 1007]
[1005, 929, 1007]
[1006, 1007, 1008]
[929, 939, 1009]
[929, 1009, 1007]
[1008, 1010, 1011]
[1007, 1009, 1010]
[1007, 1010, 1008]
[939, 1012, 1009]
[1011, 1013, 1014]
[1011, 1010, 1013]
[939, 1015, 1012]
[1009, 1012, 1016]
[1010, 1016, 1013]
[1010, 1009, 1016]
[1014, 1013, 1017]
[939, 947, 1015]
[1012, 1015, 1018]
[1016, 1019, 1013]
[1013, 1019, 1017]
[1014, 1017, 1020]
[947, 956, 1021]
[1012, 1018, 1022]
[1016, 1022, 1019]
[1016, 1012, 1022]
[1015, 1023, 1018]
[1017, 1019, 1024]
[1019, 1022, 1024]
[1020, 1017, 1025]
[1017, 1024, 1025]
[947, 1026, 1015]
[1015, 1026, 1023]
[947, 1021, 1026]
[956, 984, 1021]
[1018, 1027, 1028]
[1018, 1028, 1022]
[1022, 1028, 1024]
[1018, 1023, 1027]
[1020, 1029, 1030]
[1029, 1025, 1024]
[1029, 1028, 1027]
[1029, 1020, 1025]
[1029, 1027, 1030]
[1029, 1024, 1028]
[1026, 1031, 1032]
[1026, 1021, 1031]
[1026, 1032, 1023]
[984, 993, 1033]
[1033, 1021, 984]
[1021, 1033, 1031]
[1027, 1034, 1030]
[1034, 1023, 1032]
[1023, 1034, 1027]
[1035, 1036, 1037]
[1036, 1038, 1037]
[1036, 1039, 1038]
[1037, 1038, 1040]
[1036, 1041, 1039]
[1038, 1042, 1043]
[1038, 1043, 1040]
[1038, 1039, 1042]
[1041, 1044, 1039]
[1042, 1039, 1045]
[1039, 1044, 1045]
[1041, 1046, 1044]
[1045, 1044, 1047]
[1046, 1048, 1049]
[1044, 1049, 1050]
[1044, 1050, 1047]
[1044, 1046, 1049]
[1048, 1051, 1052]
[1049, 1052, 1050]
[1049, 1048, 1052]
[1047, 1050, 1053]
[1046, 1041, 1048]
[1051, 1048, 1054]
[1052, 1055, 1050]
[1050, 1055, 1053]
[1041, 1036, 1048]
[1054, 1048, 1035]
[1035, 1048, 1036]
[1052, 1056, 1055]
[1055, 1056, 1053]
[1052, 1051, 1056]
[1053, 1056, 1057]
[1051, 1058, 1056]
[1056, 1058, 1057]
[1051, 1054, 1058]
[1057, 1058, 1059]
[1054, 1037, 1058]
[1058, 1037, 1059]
[1054, 1035, 1037]
[1059, 1037, 1040]
[1060, 1061, 1062]
[1061, 1063, 1062]
[1061, 1064, 1063]
[1062, 1063, 1065]
[1064, 1066, 1067]
[1064, 1067, 1063]
[1065, 1063, 1068]
[1063, 1067, 1068]
[1066, 1069, 1067]
[1065, 1068, 1070]
[1066, 1071, 1069]
[1067, 1069, 1072]
[1068, 1067, 1072]
[1068, 1072, 1070]
[1065, 1070, 1073]
[1071, 1074, 1069]
[1072, 1069, 1075]
[1069, 1074, 1075]
[1070, 1072, 1076]
[1073, 1070, 1077]
[1070, 1076, 1077]
[1071, 1078, 1074]
[1075, 1074, 1079]
[1072, 1075, 1080]
[1076, 1072, 1080]
[1076, 1080, 1077]
[1075, 1079, 1080]
[1078, 1081, 1074]
[1077, 1080, 1082]
[1080, 1079, 1082]
[1078, 1083, 1081]
[1074, 1081, 1084]
[1074, 1084, 1079]
[1077, 1082, 1085]
[1079, 1084, 1085]
[1079, 1085, 1082]
[1083, 1086, 1081]
[1077, 1085, 1087]
[1084, 1081, 1088]
[1085, 1084, 1088]
[1085, 1088, 1087]
[1081, 1086, 1088]
[1083, 1089, 1086]
[1077, 1087, 1090]
[1087, 1088, 1090]
[1089, 1091, 1086]
[1077, 1090, 1073]
[1088, 1086, 1092]
[1086, 1091, 1092]
[1088, 1092, 1090]
[1089, 1060, 1091]
[1073, 1090, 1065]
[1090, 1092, 1065]
[1060, 1062, 1091]
[1062, 1092, 1091]
[1092, 1062, 1065]
[386, 1093, 396]
[1093, 1094, 396]
[1093, 1095, 1094]
[396, 1094, 395]
[1095, 1096, 1094]
[395, 1097, 394]
[1094, 1096, 1097]
[1094, 1097, 395]
[1095, 1098, 1096]
[394, 1099, 1100]
[1097, 1101, 1099]
[1097, 1096, 1101]
[1097, 1099, 394]
[1098, 1102, 1096]
[1096, 1102, 1101]
[1100, 1103, 1104]
[1099, 1105, 1103]
[1099, 1101, 1105]
[1099, 1103, 1100]
[394, 1100, 393]
[1098, 1106, 1102]
[1104, 1107, 1100]
[1100, 1107, 393]
[1101, 1108, 1105]
[1101, 1102, 1108]
[1103, 1109, 1110]
[1103, 1110, 1104]
[1103, 1105, 1109]
[1106, 1111, 1102]
[1102, 1111, 1108]
[1107, 392, 393]
[1110, 1109, 1112]
[1105, 1108, 1113]
[1105, 1113, 1109]
[1106, 1114, 1111]
[1112, 1109, 1115]
[1109, 1113, 1115]
[1108, 1116, 1113]
[1108, 1111, 1116]
[1114, 1117, 1111]
[1112, 1118, 1119]
[1112, 1115, 1118]
[1113, 1116, 1120]
[1113, 1120, 1115]
[1114, 1121, 1117]
[1111, 1117, 1122]
[1111, 1122, 1116]
[1119, 1118, 1123]
[1120, 1116, 1124]
[1118, 1115, 1124]
[1115, 1120, 1124]
[1118, 1124, 1123]
[1116, 1122, 1124]
[1121, 1125, 1126]
[1117, 1121, 1126]
[1117, 1126, 1122]
[1119, 1123, 1127]
[1124, 1122, 1128]
[1124, 1128, 1123]
[1125, 1129, 1130]
[1121, 1129, 1125]
[1126, 1125, 1131]
[1127, 1123, 1132]
[1122, 1133, 1128]
[1133, 1126, 1131]
[1133, 1122, 1126]
[1133, 1131, 1128]
[1130, 1134, 1135]
[1129, 1134, 1130]
[1125, 1130, 1136]
[1125, 1136, 1131]
[1123, 1137, 1132]
[1128, 1131, 1138]
[1123, 1128, 1138]
[1123, 1138, 1137]
[1135, 1139, 1140]
[1134, 1139, 1135]
[1130, 1135, 1141]
[1136, 1142, 1143]
[1136, 1143, 1131]
[1130, 1142, 1136]
[1130, 1141, 1142]
[1132, 1053, 1144]
[1132, 1137, 1053]
[1138, 1131, 1145]
[1131, 1143, 1145]
[1140, 1139, 1146]
[1135, 1140, 1147]
[1135, 1147, 1141]
[1142, 1141, 1148]
[1142, 1148, 1143]
[1144, 1059, 1149]
[1137, 1047, 1053]
[1138, 1150, 1137]
[1137, 1150, 1047]
[1138, 1145, 1150]
[1146, 1151, 1140]
[1147, 1152, 1153]
[1140, 1151, 1152]
[1140, 1152, 1147]
[1141, 1147, 1154]
[1141, 1154, 1148]
[1143, 1148, 1042]
[1143, 1042, 1145]
[1144, 1057, 1059]
[1057, 1144, 1053]
[1149, 1155, 1156]
[1149, 1059, 1155]
[1047, 1150, 1045]
[1045, 1145, 1042]
[1145, 1045, 1150]
[1146, 1157, 1151]
[1153, 1158, 1159]
[1147, 1153, 1159]
[1147, 1159, 1154]
[1152, 1160, 1153]
[1148, 1043, 1042]
[1154, 1159, 1043]
[1154, 1043, 1148]
[1156, 1161, 1162]
[1156, 1155, 1161]
[1059, 1040, 1155]
[1040, 1158, 1155]
[1040, 1043, 1159]
[1159, 1158, 1040]
[1155, 1158, 1161]
[1157, 1163, 1151]
[1152, 1164, 1160]
[1152, 1151, 1164]
[1153, 1160, 1165]
[1158, 1165, 1161]
[1158, 1153, 1165]
[1162, 1161, 1166]
[1163, 1167, 1151]
[1151, 1167, 1164]
[1160, 1164, 1168]
[1164, 1167, 1168]
[1165, 1160, 1169]
[1161, 1170, 1166]
[1165, 1169, 1170]
[1165, 1170, 1161]
[1163, 1171, 1167]
[1168, 1172, 1160]
[1160, 1172, 1169]
[1166, 1170, 1173]
[1171, 1174, 1175]
[1167, 1171, 1175]
[1167, 1175, 1168]
[1172, 1168, 1176]
[1168, 1175, 1176]
[1169, 1177, 1178]
[1169, 1178, 1170]
[1170, 1178, 1173]
[1169, 1172, 1177]
[1174, 1179, 1175]
[1175, 1179, 1176]
[1178, 1177, 1180]
[1178, 1180, 1173]
[1172, 1176, 1181]
[1172, 1181, 1177]
[1174, 1182, 1183]
[1176, 1179, 1183]
[1179, 1174, 1183]
[1176, 1183, 1181]
[1180, 1177, 1184]
[1177, 1181, 1184]
[1173, 1180, 1185]
[1180, 1184, 1185]
[1182, 1186, 1187]
[1181, 1183, 1187]
[1183, 1182, 1187]
[1181, 1187, 1184]
[1185, 1184, 1188]
[1188, 1187, 1186]
[1187, 1188, 1184]
[1189, 1190, 1191]
[1189, 1191, 98]
[1190, 1192, 1193]
[1190, 1193, 1191]
[98, 1191, 79]
[1192, 1194, 1195]
[1192, 1195, 1193]
[1191, 61, 63]
[79, 1191, 69]
[1191, 1193, 61]
[1191, 63, 69]
[1194, 1196, 1195]
[1193, 1195, 1197]
[1193, 1197, 61]
[1194, 1198, 1196]
[1195, 1196, 1199]
[1195, 1199, 1197]
[61, 1197, 1200]
[1198, 1201, 1196]
[1199, 1202, 1203]
[61, 1200, 62]
[1197, 1199, 1204]
[1198, 1205, 1201]
[1196, 1202, 1199]
[1203, 1206, 1199]
[1199, 1206, 1204]
[1200, 1197, 1207]
[1197, 1204, 1207]
[62, 1200, 71]
[1200, 1207, 71]
[1198, 1208, 1205]
[1201, 1209, 1196]
[1196, 1209, 1202]
[1203, 1202, 1210]
[1202, 1209, 1210]
[1206, 1211, 1204]
[1207, 1212, 71]
[1208, 1213, 1205]
[1201, 1205, 1214]
[1201, 1214, 1209]
[1203, 1215, 1206]
[1210, 1209, 1216]
[1209, 1214, 1216]
[1211, 1217, 791]
[1206, 1215, 1217]
[1206, 1217, 1211]
[1204, 1211, 1218]
[1207, 1218, 1212]
[1207, 1204, 1218]
[71, 1212, 76]
[1208, 1219, 1213]
[1205, 1220, 1214]
[1205, 1213, 1220]
[1203, 1221, 1215]
[1203, 1210, 1221]
[1216, 1214, 1222]
[1214, 1220, 1222]
[791, 1217, 792]
[1211, 791, 809]
[1211, 809, 1218]
[1212, 1223, 90]
[1212, 90, 76]
[1212, 1218, 1223]
[1219, 1224, 1213]
[1215, 1225, 1226]
[1217, 1226, 792]
[1217, 1215, 1226]
[1210, 1216, 1227]
[1210, 1227, 1221]
[1220, 1213, 1228]
[1213, 1224, 1228]
[1222, 1229, 1230]
[1220, 1229, 1222]
[1220, 1228, 1229]
[809, 826, 1218]
[1218, 826, 1223]
[90, 1231, 112]
[90, 1223, 1231]
[1219, 1232, 1224]
[1225, 1233, 1226]
[792, 1226, 794]
[1215, 1234, 1225]
[1215, 1221, 1234]
[1216, 1235, 1227]
[1222, 1230, 1235]
[1222, 1235, 1216]
[1228, 1224, 1236]
[1229, 1228, 1237]
[1228, 1236, 1237]
[826, 834, 1223]
[1223, 834, 1231]
[112, 1238, 121]
[112, 1231, 1238]
[1232, 1239, 1224]
[1224, 1239, 1236]
[1233, 1240, 1241]
[1226, 1233, 1241]
[1226, 1241, 794]
[1225, 1242, 1233]
[1225, 1234, 1242]
[1221, 1227, 1243]
[1221, 1243, 1234]
[1230, 1244, 1235]
[1229, 1237, 1245]
[1229, 1245, 1230]
[834, 849, 1231]
[1231, 849, 1238]
[121, 1238, 145]
[1232, 1246, 1239]
[1236, 1239, 1247]
[1240, 1233, 1248]
[1241, 778, 786]
[1241, 786, 794]
[1241, 1240, 778]
[1242, 1249, 1233]
[1233, 1249, 1248]
[1227, 1250, 1243]
[1235, 1244, 1250]
[1235, 1250, 1227]
[1234, 1243, 1251]
[1234, 1251, 1242]
[1237, 1252, 1245]
[1230, 1245, 1253]
[1230, 1253, 1244]
[849, 856, 1254]
[1238, 849, 1254]
[1238, 1254, 145]
[1246, 1255, 1256]
[1239, 1256, 1247]
[1239, 1246, 1256]
[1236, 1257, 1237]
[1237, 1257, 1252]
[1236, 1247, 1257]
[1240, 1248, 1258]
[778, 1240, 772]
[1240, 1258, 772]
[1249, 1259, 1260]
[1250, 1244, 1261]
[1243, 1262, 1251]
[1250, 1261, 1262]
[1250, 1262, 1243]
[1242, 1263, 1264]
[1242, 1264, 1249]
[1242, 1251, 1263]
[1253, 1245, 1265]
[1245, 1252, 1265]
[1254, 856, 1266]
[1255, 1267, 1256]
[1247, 1268, 1257]
[1256, 1267, 1268]
[1256, 1268, 1247]
[1248, 1269, 1258]
[1249, 1264, 1259]
[1249, 1260, 1269]
[1249, 1269, 1248]
[772, 1258, 846]
[1244, 1253, 1270]
[1244, 1270, 1261]
[1262, 1271, 1251]
[1251, 1271, 1263]
[1252, 1272, 1265]
[1254, 1266, 157]
[856, 858, 1266]
[1255, 1273, 1267]
[1257, 1268, 1274]
[1268, 1267, 1274]
[1257, 1274, 1252]
[1264, 1275, 1276]
[1260, 1277, 1278]
[1258, 1269, 1279]
[1258, 1279, 846]
[1253, 1280, 1270]
[1253, 1265, 1280]
[1261, 1281, 1282]
[1271, 1283, 1263]
[1263, 1275, 1264]
[1275, 1263, 1283]
[1254, 157, 145]
[858, 852, 1284]
[1273, 1285, 1286]
[1274, 1267, 1286]
[1267, 1273, 1286]
[1252, 1287, 1272]
[1274, 1287, 1252]
[1274, 1286, 1287]
[1277, 240, 1288]
[1279, 1289, 1290]
[1270, 1281, 1261]
[1265, 1291, 1280]
[1265, 1272, 1291]
[1282, 1292, 1293]
[1283, 1271, 1293]
[1293, 1271, 1282]
[157, 1266, 1294]
[1266, 858, 1284]
[1266, 1284, 1294]
[852, 841, 1284]
[1285, 1295, 1296]
[1286, 1296, 1287]
[1286, 1285, 1296]
[1277, 1297, 240]
[1288, 239, 1298]
[240, 239, 1288]
[1289, 1299, 1290]
[1281, 1292, 1282]
[1261, 1282, 1262]
[1262, 1282, 1271]
[1272, 1287, 1300]
[1287, 1296, 1300]
[1291, 1301, 1280]
[157, 1294, 167]
[841, 1302, 1284]
[1295, 1303, 1296]
[1296, 1303, 1300]
[1277, 1288, 1278]
[1288, 1298, 1278]
[1297, 1277, 1304]
[239, 237, 1298]
[1289, 1279, 1269]
[1281, 1305, 1292]
[1272, 1300, 1306]
[1291, 1306, 1301]
[1291, 1272, 1306]
[1280, 1301, 1270]
[1301, 1305, 1281]
[1301, 1306, 1305]
[1301, 1281, 1270]
[1294, 1307, 1308]
[1294, 1308, 167]
[1284, 1302, 1307]
[1284, 1307, 1294]
[841, 848, 1309]
[841, 1309, 1302]
[1303, 1310, 1300]
[1310, 1305, 1306]
[1306, 1300, 1310]
[1278, 1298, 1311]
[1277, 1260, 1259]
[1260, 1278, 1289]
[1260, 1289, 1269]
[237, 234, 1298]
[1279, 1290, 847]
[1308, 1307, 1312]
[167, 1308, 176]
[848, 1313, 1309]
[1302, 1314, 1307]
[1307, 1314, 1312]
[1302, 1309, 1314]
[1311, 1298, 1315]
[1298, 234, 1315]
[1277, 1259, 1304]
[1278, 1311, 1299]
[1278, 1299, 1289]
[1279, 847, 846]
[1290, 1299, 1316]
[1308, 1312, 195]
[1308, 195, 176]
[848, 854, 1313]
[1290, 854, 847]
[1290, 1316, 1313]
[1290, 1313, 854]
[1309, 1317, 1314]
[1313, 1316, 1317]
[1313, 1317, 1309]
[234, 232, 1315]
[1259, 1276, 1304]
[1311, 1315, 1318]
[1299, 1311, 1318]
[1299, 1318, 1316]
[1312, 1319, 1320]
[1312, 1320, 195]
[1314, 1319, 1312]
[1314, 1317, 1319]
[232, 1321, 1315]
[1315, 1321, 1318]
[1259, 1264, 1276]
[1316, 1322, 1317]
[1318, 1321, 1322]
[1318, 1322, 1316]
[1317, 1322, 1319]
[1320, 1323, 207]
[1319, 1322, 1323]
[1322, 1321, 1323]
[1319, 1323, 1320]
[195, 1320, 201]
[201, 1320, 207]
[232, 220, 1321]
[220, 207, 1323]
[1323, 1321, 220]
[1189, 1324, 1190]
[1189, 98, 1324]
[1190, 1325, 1192]
[1190, 1324, 1325]
[98, 252, 1324]
[1192, 1326, 1194]
[1192, 1325, 1326]
[252, 248, 1324]
[1194, 1326, 1327]
[1325, 1328, 1326]
[248, 243, 1324]
[1194, 1327, 1198]
[1325, 242, 1328]
[1324, 243, 242]
[1324, 242, 1325]
[1326, 1329, 1327]
[1326, 1328, 1329]
[1198, 1327, 1330]
[242, 244, 1331]
[242, 1331, 1328]
[1329, 1332, 1333]
[1198, 1334, 1208]
[1198, 1330, 1334]
[1327, 1329, 1335]
[244, 250, 1331]
[1328, 1336, 1329]
[1329, 1336, 1332]
[1329, 1333, 1335]
[1208, 1337, 1219]
[1208, 1334, 1337]
[1330, 1327, 1338]
[1327, 1335, 1338]
[250, 1339, 1340]
[1328, 1331, 1340]
[1331, 250, 1340]
[1328, 1340, 1336]
[1332, 1336, 1341]
[1333, 1342, 1335]
[1335, 1342, 1338]
[1219, 1343, 1232]
[1219, 1337, 1343]
[1334, 1330, 1344]
[1330, 1338, 1344]
[1339, 250, 254]
[1340, 1339, 1345]
[1336, 1345, 1341]
[1336, 1340, 1345]
[1332, 1341, 1346]
[1333, 1332, 1347]
[1332, 1346, 1347]
[1342, 1348, 1338]
[1338, 1348, 1344]
[1232, 1349, 1246]
[1232, 1343, 1349]
[1337, 1350, 1343]
[1334, 1351, 1337]
[1337, 1351, 1350]
[1334, 1344, 1351]
[254, 265, 1339]
[1345, 1352, 954]
[1339, 265, 1352]
[1339, 1352, 1345]
[1341, 926, 1346]
[1333, 1347, 1353]
[1333, 1353, 1342]
[1348, 1354, 1344]
[1344, 1354, 1351]
[1246, 1349, 1355]
[1343, 1356, 1349]
[1343, 1350, 1356]
[954, 1352, 963]
[265, 1357, 1352]
[1352, 1357, 963]
[1345, 954, 938]
[938, 1341, 1345]
[1341, 938, 926]
[1346, 926, 925]
[1347, 1358, 1359]
[1346, 925, 1358]
[1346, 1358, 1347]
[1353, 1347, 1360]
[1347, 1359, 1360]
[1342, 1361, 1348]
[1342, 1353, 1361]
[1354, 1362, 1363]
[1351, 1354, 1363]
[1351, 1363, 1350]
[1246, 1355, 1255]
[1349, 1364, 1355]
[1349, 1356, 1364]
[265, 280, 1357]
[963, 1357, 983]
[925, 924, 1358]
[1359, 1358, 1365]
[1360, 1359, 1366]
[1359, 1365, 1366]
[1348, 1367, 1354]
[1354, 1367, 1362]
[1348, 1361, 1367]
[1353, 1368, 1361]
[1353, 1360, 1368]
[1363, 1369, 1350]
[1350, 1369, 1356]
[1255, 1355, 1370]
[1364, 1356, 1371]
[1356, 1369, 1371]
[280, 1372, 1357]
[1357, 1372, 983]
[924, 910, 1373]
[1358, 1373, 1365]
[1358, 924, 1373]
[1366, 1365, 1374]
[1362, 1367, 1375]
[1361, 1376, 1367]
[1367, 1376, 1375]
[1361, 1368, 1376]
[1360, 1377, 1368]
[1360, 1366, 1377]
[1363, 1378, 1369]
[1363, 1362, 1378]
[1255, 1370, 1273]
[1355, 1364, 1379]
[1364, 1371, 1379]
[1355, 1379, 1370]
[280, 296, 1372]
[983, 1372, 1380]
[910, 903, 1373]
[1365, 1381, 1382]
[1365, 1382, 1374]
[1373, 903, 1381]
[1373, 1381, 1365]
[1375, 1383, 1362]
[1362, 1383, 1378]
[1376, 1384, 1375]
[1368, 1385, 1376]
[1376, 1385, 1384]
[1368, 1377, 1385]
[1366, 1386, 1377]
[1369, 1378, 1387]
[1369, 1387, 1371]
[1273, 1370, 1388]
[1379, 1371, 1389]
[1370, 1389, 1388]
[1370, 1379, 1389]
[1371, 1387, 1389]
[296, 311, 1372]
[1372, 311, 1380]
[983, 1380, 992]
[1382, 1390, 1391]
[903, 895, 1381]
[1381, 1390, 1382]
[1381, 895, 1390]
[1383, 1392, 1378]
[1378, 1392, 1387]
[1375, 1393, 1383]
[1375, 1384, 1393]
[1385, 1377, 1394]
[1377, 1386, 1394]
[1366, 1395, 1386]
[1273, 1388, 1285]
[1389, 1387, 1396]
[1389, 1396, 1388]
[311, 320, 1380]
[992, 1380, 1397]
[1380, 320, 1397]
[1391, 1398, 1399]
[1382, 1391, 1374]
[1366, 1374, 1395]
[895, 1003, 1390]
[1390, 1398, 1391]
[1390, 1003, 1398]
[1392, 1400, 1387]
[1387, 1400, 1396]
[1383, 1401, 1392]
[1383, 1393, 1401]
[1384, 1402, 1393]
[1385, 1394, 1403]
[1384, 1403, 1402]
[1384, 1385, 1403]
[1386, 1395, 1275]
[1285, 1388, 1404]
[1388, 1396, 1404]
[992, 1397, 998]
[320, 328, 1405]
[320, 1405, 1397]
[1374, 1406, 1407]
[1374, 1391, 1406]
[1374, 1407, 1395]
[1003, 1001, 1398]
[1400, 1392, 1408]
[1392, 1401, 1408]
[1393, 1409, 1401]
[1401, 1409, 1408]
[1393, 1402, 1409]
[1394, 1386, 1283]
[1386, 1275, 1283]
[1403, 1292, 1402]
[1285, 1404, 1295]
[1396, 1400, 1410]
[1396, 1410, 1404]
[998, 1411, 1000]
[1397, 1405, 1411]
[1397, 1411, 998]
[1391, 1399, 1406]
[1407, 1406, 1412]
[1395, 1276, 1275]
[1395, 1407, 1276]
[1001, 1413, 1398]
[1398, 1413, 1399]
[1408, 1409, 1414]
[1400, 1414, 1410]
[1400, 1408, 1414]
[1394, 1283, 1293]
[1293, 1292, 1403]
[1403, 1394, 1293]
[1402, 1305, 1409]
[1409, 1305, 1414]
[1402, 1292, 1305]
[1295, 1404, 1303]
[1404, 1410, 1303]
[1000, 1411, 986]
[1405, 1415, 1416]
[1406, 1417, 1412]
[1406, 1399, 1417]
[1407, 1412, 1304]
[1407, 1304, 1276]
[1001, 995, 1413]
[1414, 1305, 1310]
[1310, 1303, 1410]
[1410, 1414, 1310]
[1411, 1416, 1418]
[1411, 1418, 986]
[1411, 1405, 1416]
[1415, 1419, 1416]
[1399, 1413, 1420]
[1399, 1420, 1417]
[1412, 240, 1297]
[1297, 1304, 1412]
[995, 987, 1421]
[995, 1421, 1413]
[1418, 1422, 1423]
[1418, 1423, 986]
[987, 986, 1423]
[1416, 1419, 1422]
[1416, 1422, 1418]
[987, 1423, 1421]
[1405, 328, 1415]
[1420, 1413, 1424]
[1413, 1421, 1424]
[1417, 1425, 1426]
[1412, 1426, 240]
[1412, 1417, 1426]
[1419, 1427, 1428]
[1422, 1429, 1423]
[1422, 1419, 1428]
[1421, 1423, 1429]
[1421, 1429, 1424]
[1422, 1428, 1429]
[328, 336, 1415]
[1420, 1430, 1431]
[1420, 1431, 1417]
[1417, 1431, 1425]
[1420, 1424, 1430]
[240, 1426, 385]
[1426, 1425, 385]
[1427, 370, 1432]
[1419, 357, 1427]
[1415, 336, 357]
[1415, 357, 1419]
[1428, 1427, 1432]
[1429, 1428, 1433]
[1424, 1429, 1433]
[1424, 1433, 1430]
[1428, 1432, 1433]
[1431, 1434, 1425]
[1431, 1430, 1434]
[385, 1425, 384]
[370, 379, 1432]
[357, 364, 1427]
[1427, 364, 370]
[1433, 1435, 1430]
[1432, 379, 1435]
[1432, 1435, 1433]
[1430, 1435, 1434]
[1425, 383, 384]
[1425, 1434, 383]
[379, 382, 1435]
[382, 1434, 1435]
[1434, 382, 383]
[753, 747, 1436]
[753, 1436, 683]
[747, 1437, 1436]
[683, 1438, 684]
[683, 1436, 1438]
[747, 742, 1437]
[684, 1439, 687]
[684, 1438, 1439]
[1436, 723, 853]
[742, 732, 1440]
[742, 1440, 1437]
[687, 1439, 1441]
[1438, 719, 1439]
[1436, 1437, 723]
[853, 722, 1436]
[722, 719, 1438]
[1438, 1436, 722]
[732, 730, 1440]
[687, 1441, 691]
[1439, 715, 1441]
[1439, 719, 715]
[1437, 1440, 724]
[1437, 724, 723]
[730, 726, 1440]
[1440, 726, 724]
[691, 1442, 694]
[691, 1441, 1442]
[715, 714, 1441]
[1441, 714, 1442]
[694, 1443, 697]
[694, 1442, 1443]
[714, 720, 1442]
[1442, 720, 1443]
[697, 1443, 705]
[720, 721, 1443]
[1443, 721, 705]
[869, 878, 1444]
[869, 1444, 867]
[878, 883, 1444]
[867, 1444, 861]
[883, 1445, 1444]
[1444, 1445, 861]
[883, 894, 1445]
[861, 1445, 859]
[894, 909, 1446]
[1445, 894, 1446]
[1445, 1446, 859]
[909, 917, 1446]
[859, 1446, 999]
[917, 1004, 1447]
[917, 1447, 1446]
[999, 1446, 993]
[1446, 1447, 993]
[1004, 1006, 1448]
[1004, 1448, 1447]
[993, 1447, 1033]
[1447, 1448, 1033]
[1006, 1449, 1448]
[1033, 1448, 1031]
[1448, 1449, 1031]
[1006, 1008, 1449]
[1031, 1449, 1032]
[1008, 1011, 1450]
[1449, 1008, 1450]
[1449, 1450, 1032]
[1011, 1014, 1451]
[1011, 1451, 1450]
[1032, 1450, 1034]
[1450, 1451, 1034]
[1014, 1020, 1451]
[1034, 1451, 1030]
[1030, 1451, 1020]
[1174, 1171, 1452]
[1174, 1452, 1182]
[1171, 1453, 1452]
[1182, 1454, 1186]
[1171, 1455, 1453]
[1452, 1453, 1456]
[1182, 1457, 1454]
[1452, 1456, 1457]
[1452, 1457, 1182]
[1186, 1454, 1458]
[1171, 1163, 1455]
[1453, 1459, 1456]
[1453, 1455, 1459]
[1457, 1456, 1460]
[1454, 1460, 1458]
[1454, 1457, 1460]
[1456, 1459, 1460]
[1186, 1458, 1188]
[1163, 1461, 1455]
[1459, 1462, 1463]
[1459, 1463, 1460]
[1455, 1461, 1462]
[1455, 1462, 1459]
[1458, 1460, 1464]
[1460, 1463, 1464]
[1188, 1458, 1465]
[1458, 1464, 1465]
[1163, 1157, 1461]
[1462, 1461, 1466]
[1463, 1467, 1464]
[1188, 1465, 1185]
[1157, 1468, 1461]
[1461, 1468, 1466]
[1462, 1469, 1470]
[1462, 1470, 1463]
[1463, 1470, 1467]
[1462, 1466, 1469]
[1464, 1471, 1465]
[1464, 1467, 1471]
[1185, 1465, 1173]
[1465, 1471, 1173]
[1157, 1146, 1468]
[1470, 1469, 1472]
[1470, 1472, 1467]
[1466, 1468, 1473]
[1471, 1474, 1173]
[1467, 1472, 1474]
[1467, 1474, 1471]
[1146, 1139, 1475]
[1468, 1146, 1475]
[1468, 1475, 1473]
[1469, 1476, 1477]
[1469, 1466, 1476]
[1466, 1473, 1476]
[1469, 1477, 1472]
[1173, 1474, 1166]
[1139, 1134, 1478]
[1139, 1478, 1475]
[1473, 1475, 1479]
[1475, 1478, 1479]
[1476, 1480, 1477]
[1472, 1477, 1481]
[1474, 1481, 1166]
[1474, 1472, 1481]
[1134, 1129, 1482]
[1134, 1482, 1478]
[1473, 1483, 1476]
[1476, 1483, 1480]
[1473, 1479, 1483]
[1477, 1480, 1484]
[1477, 1484, 1481]
[1166, 1481, 1162]
[1481, 1484, 1162]
[1129, 1485, 1482]
[1478, 1482, 1486]
[1478, 1486, 1479]
[1483, 1487, 1480]
[1484, 1488, 1156]
[1484, 1156, 1162]
[1480, 1487, 1488]
[1480, 1488, 1484]
[1129, 1121, 1485]
[1482, 1489, 1486]
[1482, 1485, 1489]
[1479, 1486, 1490]
[1483, 1490, 1487]
[1483, 1479, 1490]
[1156, 1488, 1149]
[1121, 1114, 1491]
[1121, 1491, 1485]
[1489, 1492, 1486]
[1486, 1492, 1490]
[1487, 1493, 1488]
[1488, 1493, 1149]
[1114, 1494, 1491]
[1485, 1491, 1495]
[1485, 1495, 1489]
[1492, 1496, 1497]
[1487, 1490, 1497]
[1490, 1492, 1497]
[1487, 1497, 1493]
[1149, 1493, 1144]
[1114, 1106, 1494]
[1491, 1498, 1495]
[1491, 1494, 1498]
[1489, 1495, 1499]
[1492, 1499, 1496]
[1492, 1489, 1499]
[1495, 1498, 1499]
[1497, 1500, 1493]
[1493, 1500, 1144]
[1497, 1496, 1500]
[1106, 1098, 1494]
[1498, 1494, 1501]
[1499, 1502, 1503]
[1144, 1500, 1132]
[1496, 1504, 1500]
[1496, 1499, 1503]
[1496, 1503, 1504]
[1098, 1095, 1505]
[1494, 1098, 1505]
[1494, 1505, 1501]
[1498, 1506, 1507]
[1498, 1507, 1499]
[1499, 1507, 1502]
[1498, 1501, 1506]
[1132, 1500, 1127]
[1500, 1504, 1127]
[1503, 1508, 1509]
[1503, 1502, 1508]
[1503, 1509, 1504]
[1095, 1093, 1510]
[1505, 1095, 1510]
[1505, 1510, 1501]
[1507, 1511, 1502]
[1507, 1506, 1511]
[1127, 1504, 1119]
[1504, 1509, 1119]
[1508, 1110, 1112]
[1112, 1119, 1509]
[1509, 1508, 1112]
[1093, 386, 1512]
[1093, 1512, 1510]
[1501, 1510, 1513]
[1510, 1512, 1513]
[1501, 1513, 1506]
[1502, 1514, 1508]
[1508, 1514, 1110]
[1502, 1511, 1514]
[386, 387, 1512]
[1513, 1512, 1515]
[1512, 387, 1515]
[1506, 1516, 1511]
[1110, 1514, 1104]
[1513, 1515, 1517]
[1506, 1517, 1516]
[1506, 1513, 1517]
[387, 388, 1515]
[1511, 1518, 1514]
[1514, 1518, 1104]
[1511, 1516, 1518]
[1517, 1519, 1520]
[1517, 1515, 1519]
[1515, 388, 1519]
[1517, 1520, 1516]
[1104, 1518, 1107]
[388, 389, 1519]
[1520, 1519, 390]
[1519, 389, 390]
[1516, 1520, 1521]
[1518, 1521, 1107]
[1518, 1516, 1521]
[390, 391, 1520]
[1520, 391, 1521]
[1107, 1521, 392]
[392, 1521, 391]
[1522, 1523, 1524]
[1522, 1525, 1523]
[1522, 1524, 1526]
[1522, 1527, 1525]
[1522, 1526, 1528]
[1522, 1529, 1527]
[1522, 1528, 1530]
[1522, 1531, 1529]
[1522, 1530, 1532]
[1522, 1533, 1531]
[1522, 1532, 1534]
[1522, 1535, 1533]
[1522, 1534, 1536]
[1522, 1537, 1535]
[1522, 1536, 1538]
[1522, 1539, 1537]
[1522, 1538, 1540]
[1522, 1541, 1539]
[1522, 1540, 1542]
[1522, 1543, 1541]
[1522, 1542, 1544]
[1522, 1545, 1543]
[1522, 1544, 1545]
[1546, 1547, 1548]
[1546, 1549, 1547]
[1546, 1548, 1550]
[1546, 1551, 1549]
[1546, 1550, 1552]
[1546, 1553, 1551]
[1546, 1552, 1554]
[1546, 1555, 1553]
[1546, 1554, 1556]
[1546, 1557, 1555]
[1546, 1556, 1558]
[1546, 1559, 1557]
[1546, 1558, 1560]
[1546, 1561, 1559]
[1546, 1560, 1562]
[1546, 1563, 1561]
[1546, 1562, 1564]
[1546, 1565, 1563]
[1546, 1564, 1566]
[1546, 1567, 1565]
[1546, 1566, 1568]
[1546, 1569, 1567]
[1546, 1568, 1569]
[1570, 1571, 1572]
[1570, 1573, 1571]
[1570, 1572, 1574]
[1570, 1575, 1573]
[1570, 1574, 1576]
[1570, 1577, 1575]
[1570, 1576, 1578]
[1570, 1578, 1577]
[1571, 1573, 1579]
[1571, 1579, 1580]
[1573, 1575, 1579]
[1574, 1581, 1576]
[1574, 1582, 1581]
[1576, 1581, 1578]
[1577, 1583, 1575]
[1577, 1578, 1583]
[1580, 1579, 1584]
[1580, 1584, 1585]
[1582, 1586, 1581]
[1575, 1583, 1587]
[1575, 1587, 1579]
[1579, 1587, 1584]
[1578, 1581, 1588]
[1578, 1588, 1583]
[1585, 1584, 1589]
[1585, 1589, 1590]
[1586, 1591, 1581]
[1586, 1592, 1591]
[1587, 1583, 1593]
[1587, 1594, 1584]
[1587, 1593, 1594]
[1588, 1581, 1595]
[1588, 1596, 1583]
[1588, 1595, 1596]
[1583, 1596, 1593]
[1581, 1591, 1595]
[1589, 1597, 1590]
[1589, 1584, 1598]
[1589, 1599, 1597]
[1589, 1598, 1599]
[1584, 1594, 1598]
[1592, 1600, 1591]
[1592, 1601, 1600]
[1596, 1602, 1593]
[1596, 1595, 1603]
[1596, 1604, 1602]
[1596, 1603, 1604]
[1590, 1597, 1605]
[1599, 1598, 1606]
[1599, 1607, 1597]
[1599, 1606, 1608]
[1599, 1608, 1607]
[1594, 1593, 1609]
[1594, 1609, 1598]
[1598, 1609, 1606]
[1593, 1602, 1609]
[1591, 1600, 1610]
[1591, 1610, 1595]
[1595, 1610, 1603]
[1601, 1611, 1600]
[1601, 1612, 1611]
[1604, 1613, 1602]
[1604, 1603, 1614]
[1604, 1615, 1613]
[1604, 1614, 1616]
[1604, 1616, 1615]
[1603, 1610, 1614]
[1605, 1597, 1617]
[1605, 1617, 1618]
[1617, 1597, 1607]
[1608, 1606, 1619]
[1608, 1620, 1607]
[1608, 1619, 1621]
[1608, 1622, 1620]
[1608, 1621, 1622]
[1609, 1602, 1623]
[1609, 1623, 1606]
[1606, 1623, 1619]
[1602, 1613, 1623]
[1600, 1611, 1624]
[1600, 1624, 1610]
[1610, 1624, 1614]
[1612, 1625, 1611]
[1616, 1626, 1615]
[1616, 1614, 1627]
[1616, 1628, 1626]
[1616, 1627, 1628]
[1614, 1624, 1627]
[1620, 1622, 1629]
[1620, 1629, 1630]
[1621, 1619, 1631]
[1621, 1632, 1622]
[1621, 1631, 1633]
[1621, 1633, 1632]
[1622, 1632, 1629]
[1613, 1634, 1623]
[1613, 1615, 1635]
[1613, 1635, 1634]
[1623, 1634, 1619]
[1625, 1636, 1611]
[1625, 1637, 1636]
[1625, 1612, 1637]
[1624, 1636, 1627]
[1624, 1611, 1636]
[1626, 1628, 1638]
[1626, 1639, 1615]
[1626, 1638, 1640]
[1626, 1640, 1639]
[1630, 1629, 1641]
[1630, 1641, 1642]
[1631, 1530, 1633]
[1631, 1619, 1643]
[1631, 1532, 1530]
[1631, 1643, 1534]
[1631, 1534, 1532]
[1619, 1634, 1643]
[1632, 1644, 1629]
[1632, 1633, 1645]
[1632, 1645, 1644]
[1629, 1644, 1641]
[1635, 1615, 1646]
[1635, 1536, 1634]
[1635, 1646, 1538]
[1635, 1538, 1536]
[1536, 1534, 1643]
[1536, 1643, 1634]
[1615, 1639, 1646]
[1612, 1647, 1637]
[1627, 1636, 1648]
[1627, 1648, 1628]
[1636, 1637, 1648]
[1638, 1649, 1640]
[1638, 1628, 1650]
[1638, 1651, 1649]
[1638, 1650, 1651]
[1628, 1648, 1650]
[1642, 1641, 1652]
[1642, 1652, 1653]
[1633, 1528, 1645]
[1633, 1530, 1528]
[1644, 1654, 1641]
[1644, 1645, 1655]
[1644, 1655, 1654]
[1645, 1528, 1655]
[1641, 1654, 1652]
[1538, 1646, 1540]
[1639, 1640, 1656]
[1639, 1657, 1646]
[1639, 1656, 1657]
[1646, 1657, 1540]
[1647, 1658, 1637]
[1647, 1659, 1658]
[1648, 1658, 1650]
[1648, 1637, 1658]
[1649, 1651, 1660]
[1649, 1661, 1640]
[1649, 1660, 1662]
[1649, 1662, 1661]
[1653, 1652, 1663]
[1653, 1663, 1664]
[1528, 1526, 1655]
[1654, 1665, 1652]
[1654, 1655, 1666]
[1654, 1666, 1665]
[1656, 1667, 1657]
[1656, 1640, 1668]
[1656, 1669, 1667]
[1656, 1668, 1669]
[1640, 1661, 1668]
[1540, 1657, 1542]
[1657, 1667, 1542]
[1659, 1670, 1658]
[1650, 1671, 1651]
[1650, 1658, 1671]
[1658, 1670, 1671]
[1651, 1671, 1660]
[1662, 1672, 1661]
[1662, 1660, 1673]
[1662, 1674, 1672]
[1662, 1673, 1674]
[1663, 1652, 1675]
[1663, 1675, 1676]
[1652, 1665, 1675]
[1526, 1677, 1655]
[1526, 1524, 1677]
[1655, 1677, 1666]
[1669, 1668, 1678]
[1669, 1544, 1667]
[1669, 1678, 1545]
[1669, 1545, 1544]
[1544, 1542, 1667]
[1670, 1679, 1671]
[1661, 1672, 1680]
[1661, 1680, 1668]
[1660, 1681, 1673]
[1660, 1671, 1681]
[1671, 1679, 1681]
[1674, 1682, 1672]
[1674, 1673, 1683]
[1674, 1684, 1682]
[1674, 1683, 1684]
[1676, 1675, 1685]
[1676, 1685, 1686]
[1665, 1666, 1687]
[1665, 1688, 1675]
[1665, 1687, 1688]
[1675, 1688, 1685]
[1524, 1689, 1677]
[1524, 1523, 1689]
[1677, 1689, 1666]
[1678, 1543, 1545]
[1678, 1668, 1690]
[1678, 1691, 1543]
[1678, 1690, 1691]
[1668, 1680, 1690]
[1679, 1692, 1681]
[1672, 1682, 1693]
[1672, 1693, 1680]
[1673, 1694, 1683]
[1673, 1681, 1694]
[1694, 1681, 1692]
[1694, 1692, 1683]
[1684, 1695, 1682]
[1684, 1683, 1696]
[1684, 1697, 1695]
[1684, 1696, 1697]
[1683, 1692, 1696]
[1686, 1685, 1698]
[1686, 1698, 1699]
[1685, 1688, 1698]
[1687, 1666, 1700]
[1687, 1701, 1688]
[1687, 1700, 1701]
[1523, 1702, 1689]
[1523, 1525, 1702]
[1543, 1691, 1541]
[1690, 1680, 1703]
[1690, 1704, 1691]
[1690, 1703, 1704]
[1680, 1693, 1703]
[1682, 1695, 1705]
[1682, 1705, 1693]
[1697, 1696, 1706]
[1697, 1707, 1695]
[1697, 1706, 1708]
[1697, 1709, 1707]
[1697, 1708, 1709]
[1692, 1710, 1696]
[1696, 1710, 1706]
[1699, 1698, 1711]
[1666, 1712, 1700]
[1666, 1689, 1712]
[1688, 1701, 1713]
[1688, 1713, 1698]
[1525, 1714, 1702]
[1525, 1527, 1714]
[1541, 1691, 1715]
[1541, 1715, 1539]
[1703, 1693, 1716]
[1703, 1716, 1717]
[1703, 1717, 1718]
[1703, 1718, 1704]
[1704, 1715, 1691]
[1704, 1718, 1715]
[1707, 1709, 1719]
[1707, 1719, 1720]
[1707, 1720, 1721]
[1707, 1721, 1695]
[1711, 1698, 1722]
[1698, 1713, 1722]
[1700, 1712, 1723]
[1700, 1724, 1701]
[1700, 1723, 1724]
[1689, 1702, 1725]
[1689, 1725, 1712]
[1712, 1725, 1723]
[1702, 1714, 1725]
[1527, 1726, 1714]
[1527, 1529, 1726]
[1539, 1715, 1727]
[1539, 1727, 1537]
[1715, 1718, 1727]
[1716, 1728, 1717]
[1716, 1729, 1728]
[1716, 1705, 1729]
[1716, 1693, 1705]
[1705, 1721, 1729]
[1705, 1695, 1721]
[1719, 1730, 1720]
[1713, 1731, 1722]
[1713, 1701, 1732]
[1713, 1732, 1731]
[1701, 1724, 1732]
[1723, 1725, 1733]
[1723, 1734, 1724]
[1723, 1733, 1735]
[1723, 1735, 1734]
[1724, 1734, 1732]
[1714, 1726, 1736]
[1714, 1736, 1725]
[1725, 1736, 1733]
[1529, 1531, 1726]
[1537, 1727, 1535]
[1718, 1717, 1737]
[1718, 1737, 1727]
[1728, 1729, 1738]
[1728, 1739, 1717]
[1728, 1738, 1740]
[1728, 1740, 1739]
[1717, 1739, 1737]
[1730, 1741, 1720]
[1730, 1742, 1741]
[1731, 1732, 1743]
[1732, 1734, 1743]
[1735, 1733, 1744]
[1735, 1745, 1734]
[1735, 1744, 1746]
[1735, 1746, 1745]
[1745, 1743, 1734]
[1736, 1726, 1747]
[1736, 1748, 1733]
[1736, 1747, 1748]
[1733, 1748, 1744]
[1531, 1749, 1726]
[1531, 1533, 1749]
[1726, 1749, 1747]
[1535, 1727, 1750]
[1535, 1751, 1533]
[1535, 1750, 1751]
[1533, 1751, 1749]
[1727, 1737, 1750]
[1738, 1752, 1740]
[1739, 1753, 1737]
[1739, 1740, 1754]
[1739, 1754, 1753]
[1750, 1753, 1751]
[1750, 1737, 1753]
[1742, 1755, 1741]
[1742, 1756, 1755]
[1746, 1744, 1757]
[1748, 1747, 1758]
[1748, 1759, 1744]
[1748, 1758, 1759]
[1744, 1759, 1757]
[1749, 1751, 1760]
[1749, 1761, 1747]
[1749, 1760, 1761]
[1753, 1754, 1760]
[1753, 1760, 1751]
[1752, 1762, 1740]
[1752, 1763, 1762]
[1752, 1764, 1763]
[1740, 1762, 1754]
[1756, 1765, 1755]
[1756, 1766, 1765]
[1758, 1767, 1759]
[1758, 1747, 1768]
[1758, 1768, 1767]
[1747, 1761, 1768]
[1757, 1759, 1769]
[1759, 1767, 1769]
[1760, 1754, 1770]
[1760, 1770, 1761]
[1764, 1771, 1763]
[1762, 1772, 1754]
[1762, 1763, 1773]
[1762, 1773, 1772]
[1754, 1772, 1770]
[1755, 1765, 1774]
[1766, 1775, 1765]
[1766, 1776, 1775]
[1768, 1777, 1767]
[1768, 1761, 1778]
[1768, 1779, 1777]
[1768, 1778, 1779]
[1761, 1770, 1778]
[1769, 1767, 1780]
[1767, 1777, 1780]
[1771, 1781, 1763]
[1771, 1774, 1782]
[1771, 1782, 1781]
[1765, 1775, 1782]
[1765, 1782, 1774]
[1773, 1783, 1772]
[1773, 1763, 1784]
[1773, 1785, 1783]
[1773, 1784, 1786]
[1773, 1786, 1785]
[1770, 1783, 1778]
[1770, 1772, 1783]
[1776, 1787, 1775]
[1776, 1788, 1787]
[1779, 1789, 1777]
[1779, 1778, 1790]
[1779, 1791, 1789]
[1779, 1790, 1791]
[1783, 1785, 1790]
[1783, 1790, 1778]
[1780, 1777, 1792]
[1777, 1789, 1792]
[1781, 1782, 1793]
[1781, 1794, 1763]
[1781, 1793, 1794]
[1763, 1794, 1784]
[1786, 1795, 1785]
[1786, 1784, 1796]
[1786, 1797, 1795]
[1786, 1796, 1797]
[1775, 1787, 1798]
[1775, 1798, 1782]
[1782, 1798, 1793]
[1788, 1799, 1787]
[1788, 1800, 1799]
[1791, 1790, 1801]
[1791, 1802, 1789]
[1791, 1801, 1803]
[1791, 1803, 1802]
[1785, 1795, 1801]
[1785, 1801, 1790]
[1792, 1789, 1804]
[1789, 1802, 1804]
[1794, 1805, 1784]
[1794, 1793, 1806]
[1794, 1807, 1805]
[1794, 1806, 1807]
[1793, 1798, 1806]
[1784, 1805, 1796]
[1797, 1808, 1795]
[1787, 1799, 1809]
[1787, 1809, 1798]
[1798, 1809, 1806]
[1800, 1810, 1799]
[1800, 1811, 1810]
[1803, 1801, 1812]
[1803, 1813, 1802]
[1803, 1812, 1814]
[1803, 1814, 1813]
[1801, 1795, 1812]
[1804, 1802, 1815]
[1802, 1813, 1815]
[1807, 1816, 1805]
[1807, 1806, 1817]
[1807, 1818, 1816]
[1807, 1817, 1818]
[1806, 1809, 1817]
[1796, 1805, 1819]
[1805, 1816, 1819]
[1808, 1820, 1795]
[1808, 1821, 1820]
[1795, 1820, 1812]
[1799, 1810, 1822]
[1799, 1822, 1809]
[1809, 1822, 1817]
[1811, 1823, 1810]
[1811, 1824, 1823]
[1814, 1825, 1813]
[1814, 1812, 1826]
[1814, 1827, 1825]
[1814, 1826, 1827]
[1812, 1820, 1826]
[1815, 1813, 1828]
[1813, 1825, 1828]
[1818, 1829, 1816]
[1818, 1817, 1830]
[1818, 1831, 1829]
[1818, 1830, 1831]
[1817, 1822, 1830]
[1819, 1816, 1832]
[1821, 1833, 1820]
[1821, 1834, 1833]
[1820, 1833, 1826]
[1810, 1823, 1835]
[1810, 1835, 1822]
[1822, 1835, 1830]
[1824, 1836, 1823]
[1827, 1837, 1825]
[1827, 1826, 1838]
[1827, 1839, 1837]
[1827, 1838, 1839]
[1826, 1833, 1838]
[1828, 1825, 1840]
[1825, 1837, 1840]
[1829, 1831, 1841]
[1829, 1842, 1816]
[1829, 1841, 1843]
[1829, 1843, 1842]
[1816, 1842, 1832]
[1834, 1844, 1833]
[1834, 1845, 1844]
[1835, 1846, 1830]
[1835, 1823, 1847]
[1835, 1847, 1846]
[1823, 1836, 1847]
[1830, 1846, 1831]
[1839, 1838, 1848]
[1839, 1849, 1837]
[1839, 1848, 1850]
[1839, 1850, 1849]
[1840, 1837, 1851]
[1837, 1849, 1851]
[1841, 1852, 1843]
[1841, 1831, 1853]
[1841, 1854, 1852]
[1841, 1853, 1854]
[1831, 1846, 1853]
[1842, 1855, 1832]
[1842, 1844, 1845]
[1842, 1843, 1856]
[1842, 1845, 1855]
[1842, 1856, 1844]
[1856, 1838, 1833]
[1856, 1848, 1838]
[1856, 1843, 1848]
[1856, 1833, 1844]
[1848, 1852, 1850]
[1848, 1843, 1852]
[1836, 1857, 1847]
[1849, 1858, 1851]
[1849, 1850, 1859]
[1849, 1859, 1858]
[1854, 1853, 1860]
[1854, 1861, 1852]
[1854, 1860, 1862]
[1854, 1862, 1861]
[1852, 1861, 1850]
[1846, 1847, 1863]
[1846, 1863, 1853]
[1863, 1847, 1857]
[1863, 1860, 1853]
[1859, 1850, 1864]
[1864, 1861, 1862]
[1864, 1850, 1861]
[1865, 1580, 1585]
[1865, 1866, 1580]
[1865, 1585, 1590]
[1865, 1582, 1866]
[1865, 1590, 1867]
[1865, 1868, 1582]
[1865, 1867, 1869]
[1865, 1869, 1868]
[1580, 1866, 1571]
[1590, 1870, 1867]
[1590, 1605, 1870]
[1582, 1868, 1586]
[1582, 1574, 1866]
[1869, 1871, 1868]
[1571, 1866, 1572]
[1572, 1866, 1574]
[1586, 1868, 1872]
[1586, 1872, 1592]
[1868, 1871, 1872]
[1592, 1872, 1873]
[1592, 1873, 1601]
[1872, 1871, 1873]
[1601, 1873, 1874]
[1601, 1874, 1612]
[1871, 1875, 1873]
[1873, 1875, 1874]
[1612, 1874, 1647]
[1875, 1876, 1874]
[1874, 1876, 1647]
[1876, 1659, 1647]
[1876, 1877, 1659]
[1877, 1670, 1659]
[1877, 1878, 1670]
[1878, 1679, 1670]
[1878, 1710, 1679]
[1710, 1692, 1679]
[1879, 1774, 1880]
[1879, 1755, 1774]
[1879, 1880, 1881]
[1879, 1741, 1755]
[1879, 1881, 1882]
[1879, 1883, 1741]
[1879, 1882, 1884]
[1879, 1884, 1883]
[1774, 1771, 1880]
[1881, 1885, 1882]
[1881, 1880, 1886]
[1881, 1887, 1885]
[1881, 1886, 1887]
[1741, 1883, 1720]
[1884, 1882, 1888]
[1884, 1888, 1889]
[1882, 1885, 1888]
[1771, 1890, 1880]
[1771, 1764, 1890]
[1880, 1890, 1886]
[1887, 1891, 1885]
[1887, 1886, 1891]
[1889, 1888, 1892]
[1885, 1891, 1892]
[1885, 1892, 1888]
[1764, 1893, 1890]
[1764, 1752, 1893]
[1886, 1894, 1891]
[1886, 1890, 1894]
[1890, 1893, 1894]
[1892, 1891, 1895]
[1892, 1895, 1889]
[1752, 1896, 1893]
[1752, 1738, 1896]
[1894, 1897, 1891]
[1894, 1893, 1898]
[1894, 1898, 1897]
[1893, 1896, 1898]
[1891, 1897, 1895]
[1889, 1895, 1899]
[1889, 1899, 1884]
[1738, 1729, 1896]
[1898, 1900, 1897]
[1898, 1896, 1901]
[1898, 1901, 1900]
[1896, 1729, 1901]
[1897, 1900, 1895]
[1899, 1902, 1884]
[1899, 1895, 1902]
[1895, 1900, 1902]
[1729, 1721, 1901]
[1884, 1902, 1883]
[1900, 1901, 1903]
[1900, 1903, 1902]
[1902, 1903, 1883]
[1901, 1721, 1903]
[1883, 1903, 1720]
[1720, 1903, 1721]
[1904, 1905, 1906]
[1904, 1876, 1905]
[1904, 1906, 1907]
[1904, 1877, 1876]
[1904, 1907, 1908]
[1904, 1878, 1877]
[1904, 1908, 1710]
[1904, 1710, 1878]
[1905, 1909, 1906]
[1905, 1876, 1875]
[1905, 1910, 1909]
[1905, 1875, 1910]
[1907, 1906, 1911]
[1908, 1706, 1710]
[1909, 1910, 1912]
[1909, 1913, 1906]
[1909, 1912, 1914]
[1909, 1914, 1913]
[1906, 1913, 1911]
[1875, 1871, 1910]
[1912, 1915, 1914]
[1912, 1910, 1916]
[1912, 1917, 1915]
[1912, 1916, 1917]
[1910, 1871, 1916]
[1913, 1918, 1911]
[1913, 1914, 1919]
[1913, 1919, 1918]
[1915, 1917, 1920]
[1915, 1921, 1914]
[1915, 1920, 1922]
[1915, 1922, 1921]
[1914, 1921, 1919]
[1871, 1869, 1916]
[1918, 1919, 1923]
[1917, 1924, 1920]
[1917, 1916, 1925]
[1917, 1925, 1924]
[1916, 1869, 1925]
[1922, 1926, 1921]
[1922, 1920, 1927]
[1922, 1928, 1926]
[1922, 1927, 1929]
[1922, 1929, 1928]
[1919, 1930, 1923]
[1919, 1921, 1930]
[1930, 1921, 1926]
[1924, 1925, 1931]
[1924, 1932, 1920]
[1924, 1931, 1933]
[1924, 1933, 1932]
[1869, 1867, 1925]
[1925, 1867, 1931]
[1927, 1934, 1929]
[1927, 1920, 1935]
[1927, 1935, 1934]
[1920, 1932, 1935]
[1933, 1931, 1936]
[1933, 1937, 1932]
[1933, 1936, 1937]
[1867, 1870, 1931]
[1934, 1935, 1938]
[1934, 1938, 1939]
[1932, 1937, 1938]
[1932, 1938, 1935]
[1936, 1931, 1940]
[1936, 1941, 1937]
[1936, 1940, 1942]
[1936, 1942, 1941]
[1937, 1941, 1938]
[1931, 1870, 1940]
[1939, 1938, 1943]
[1939, 1943, 1944]
[1938, 1941, 1943]
[1942, 1940, 1945]
[1942, 1946, 1941]
[1942, 1945, 1947]
[1942, 1947, 1946]
[1941, 1946, 1943]
[1870, 1618, 1940]
[1870, 1605, 1618]
[1944, 1943, 1948]
[1944, 1948, 1949]
[1943, 1946, 1948]
[1945, 1950, 1947]
[1945, 1940, 1951]
[1945, 1951, 1950]
[1940, 1618, 1951]
[1949, 1948, 1952]
[1946, 1947, 1953]
[1946, 1953, 1948]
[1948, 1953, 1952]
[1950, 1951, 1954]
[1950, 1955, 1947]
[1950, 1954, 1663]
[1950, 1956, 1955]
[1950, 1663, 1956]
[1947, 1955, 1953]
[1952, 1953, 1957]
[1954, 1664, 1663]
[1956, 1958, 1955]
[1956, 1663, 1676]
[1956, 1686, 1958]
[1956, 1676, 1686]
[1953, 1959, 1957]
[1953, 1955, 1959]
[1958, 1686, 1699]
[1958, 1960, 1955]
[1958, 1699, 1960]
[1955, 1960, 1959]
[1957, 1959, 1961]
[1959, 1960, 1961]
[1699, 1711, 1960]
[1960, 1711, 1961]
[1962, 1963, 1964]
[1962, 1965, 1963]
[1962, 1964, 1966]
[1962, 1967, 1965]
[1962, 1966, 1968]
[1962, 1969, 1967]
[1962, 1968, 1970]
[1962, 1970, 1969]
[1963, 1971, 1964]
[1966, 1972, 1968]
[1966, 1964, 1973]
[1966, 1973, 1972]
[1967, 1969, 1974]
[1970, 1968, 1975]
[1970, 1976, 1969]
[1970, 1975, 1977]
[1970, 1977, 1976]
[1968, 1972, 1975]
[1971, 1978, 1964]
[1971, 1979, 1978]
[1964, 1978, 1973]
[1974, 1969, 1980]
[1974, 1980, 1981]
[1980, 1976, 1981]
[1980, 1969, 1976]
[1977, 1975, 1982]
[1977, 1983, 1976]
[1977, 1982, 1984]
[1977, 1984, 1983]
[1976, 1983, 1981]
[1972, 1973, 1985]
[1972, 1986, 1975]
[1972, 1985, 1987]
[1972, 1987, 1986]
[1975, 1986, 1982]
[1979, 1988, 1978]
[1979, 1951, 1988]
[1978, 1988, 1973]
[1984, 1989, 1983]
[1984, 1982, 1990]
[1984, 1990, 1991]
[1984, 1991, 1989]
[1983, 1989, 1981]
[1985, 1992, 1987]
[1985, 1973, 1993]
[1985, 1994, 1992]
[1985, 1993, 1994]
[1973, 1988, 1993]
[1986, 1995, 1982]
[1986, 1987, 1996]
[1986, 1996, 1995]
[1982, 1995, 1990]
[1951, 1618, 1988]
[1988, 1618, 1993]
[1991, 1997, 1989]
[1991, 1990, 1998]
[1991, 1999, 1997]
[1991, 1998, 1999]
[1992, 1994, 1630]
[1992, 2000, 1987]
[1992, 1630, 1642]
[1992, 1653, 2000]
[1992, 1642, 1653]
[1987, 2000, 1996]
[1995, 2001, 1990]
[1995, 1996, 2002]
[1995, 2002, 2001]
[1990, 2001, 1998]
[1618, 1617, 1993]
[1993, 1617, 1994]
[1989, 1997, 1981]
[1999, 1998, 2003]
[1999, 2004, 1997]
[1999, 2003, 2005]
[1999, 2005, 2004]
[1997, 2004, 1981]
[1998, 2001, 2003]
[1630, 1994, 1620]
[1653, 1664, 2000]
[1996, 2006, 2002]
[1996, 2000, 2006]
[2000, 1664, 2006]
[1617, 1607, 1994]
[1994, 1607, 1620]
[2005, 2007, 2004]
[2005, 2003, 1965]
[2005, 1974, 2007]
[2005, 1965, 1967]
[2005, 1967, 1974]
[2007, 1981, 2004]
[2007, 1974, 1981]
[2001, 2002, 2008]
[2001, 2008, 2003]
[1664, 2009, 2006]
[1664, 1954, 2009]
[1965, 2003, 1963]
[2003, 2008, 1963]
[2002, 2006, 2010]
[2002, 2010, 2008]
[2008, 2010, 1963]
[2006, 2009, 2010]
[1954, 1979, 2009]
[1954, 1951, 1979]
[1963, 2010, 1971]
[1971, 2009, 1979]
[1971, 2010, 2009]
[2011, 2012, 2013]
[2011, 2014, 2012]
[2011, 2013, 2015]
[2011, 2016, 2014]
[2011, 2015, 2017]
[2011, 2018, 2016]
[2011, 2017, 2019]
[2011, 2019, 2018]
[2012, 2020, 2013]
[2012, 2021, 2020]
[2013, 2020, 2015]
[2016, 2018, 2022]
[2016, 2022, 2023]
[2018, 2019, 2022]
[2017, 2015, 2024]
[2017, 2024, 2019]
[2021, 2025, 2020]
[2021, 2026, 2025]
[2023, 2022, 2027]
[2015, 2028, 2024]
[2015, 2020, 2028]
[2020, 2025, 2028]
[2019, 2029, 2022]
[2019, 2024, 2029]
[2026, 2030, 2025]
[2026, 2031, 2030]
[2027, 2022, 2032]
[2027, 2032, 2033]
[2028, 2034, 2024]
[2028, 2025, 2035]
[2028, 2035, 2034]
[2029, 2036, 2022]
[2029, 2024, 2037]
[2029, 2037, 2036]
[2024, 2034, 2037]
[2022, 2036, 2032]
[2031, 2038, 2030]
[2031, 2039, 2038]
[2033, 2032, 2040]
[2033, 2040, 2041]
[2025, 2042, 2035]
[2025, 2030, 2042]
[2034, 2043, 2037]
[2034, 2035, 2044]
[2034, 2044, 2043]
[2035, 2042, 2044]
[2036, 2045, 2032]
[2036, 2037, 2046]
[2036, 2046, 2045]
[2032, 2045, 2040]
[2039, 2047, 2038]
[2039, 2048, 2047]
[2041, 2040, 2049]
[2041, 2049, 2050]
[2030, 2051, 2042]
[2030, 2038, 2051]
[2043, 2044, 2052]
[2043, 2053, 2037]
[2043, 2052, 2054]
[2043, 2054, 2053]
[2037, 2053, 2046]
[2045, 2055, 2040]
[2045, 2046, 2056]
[2045, 2056, 2055]
[2046, 2053, 2056]
[2040, 2055, 2049]
[2047, 2057, 2038]
[2038, 2057, 2051]
[2050, 2049, 2058]
[2042, 2059, 2044]
[2042, 2051, 2059]
[2044, 2059, 2052]
[2054, 2060, 2053]
[2054, 2052, 2061]
[2054, 2062, 2060]
[2054, 2061, 2062]
[2056, 2063, 2055]
[2056, 2053, 2064]
[2056, 2064, 2063]
[2053, 2060, 2064]
[2057, 2065, 2051]
[2057, 2066, 2065]
[2051, 2065, 2059]
[2049, 2067, 2058]
[2049, 2055, 2067]
[2055, 2063, 2067]
[2052, 2068, 2061]
[2052, 2059, 2068]
[2059, 2065, 2068]
[2062, 2069, 2060]
[2062, 2061, 1559]
[2062, 1561, 2069]
[2062, 1559, 1561]
[2064, 2070, 2063]
[2064, 2060, 2071]
[2064, 2071, 2070]
[2066, 2072, 2065]
[2066, 2073, 2072]
[2066, 2074, 2073]
[2058, 2067, 2075]
[2058, 2075, 2050]
[2068, 2076, 2061]
[2068, 2065, 2077]
[2068, 2078, 2076]
[2068, 2077, 2078]
[2065, 2072, 2077]
[2061, 2076, 1559]
[2069, 1561, 1563]
[2069, 2079, 2060]
[2069, 1563, 2080]
[2069, 2080, 2079]
[2060, 2079, 2071]
[2063, 2070, 2081]
[2063, 2081, 2067]
[2067, 2081, 2075]
[2074, 2082, 2073]
[2074, 2083, 2082]
[2050, 2075, 2084]
[2078, 2077, 2085]
[2078, 1557, 2076]
[2078, 2085, 1553]
[2078, 1555, 1557]
[2078, 1553, 1555]
[1557, 1559, 2076]
[2072, 2073, 2086]
[2072, 2086, 2077]
[2077, 2086, 2085]
[1563, 1565, 2080]
[2079, 2087, 2071]
[2079, 2080, 2088]
[2079, 2088, 2087]
[2070, 2089, 2081]
[2070, 2071, 2090]
[2070, 2090, 2089]
[2071, 2087, 2090]
[2083, 2091, 2082]
[2083, 2092, 2091]
[2075, 2093, 2084]
[2075, 2081, 2093]
[2081, 2089, 2093]
[1553, 2085, 1551]
[2073, 2094, 2086]
[2073, 2082, 2094]
[1565, 2095, 2080]
[1565, 1567, 2095]
[2080, 2095, 2088]
[2087, 2096, 2090]
[2087, 2088, 2097]
[2087, 2098, 2096]
[2087, 2097, 2098]
[2092, 2099, 2091]
[2092, 2100, 2099]
[2084, 2093, 2101]
[2089, 2090, 2102]
[2089, 2103, 2093]
[2089, 2102, 2103]
[2090, 2096, 2102]
[2085, 2104, 1551]
[2085, 2086, 2104]
[2086, 2094, 2104]
[2082, 2091, 2105]
[2082, 2105, 2094]
[1567, 2106, 2095]
[1567, 1569, 2106]
[2088, 2106, 2097]
[2088, 2095, 2106]
[2098, 2107, 2096]
[2098, 2097, 2108]
[2098, 2109, 2107]
[2098, 2108, 2109]
[2099, 2110, 2091]
[2099, 2111, 2110]
[2101, 2093, 2112]
[2093, 2103, 2112]
[2102, 2096, 2113]
[2102, 2113, 2103]
[2096, 2107, 2113]
[1551, 2104, 2114]
[1551, 2114, 1549]
[2094, 2105, 2114]
[2094, 2114, 2104]
[1569, 2115, 2106]
[1569, 1568, 2115]
[2106, 2115, 2097]
[2108, 2116, 2109]
[2108, 2097, 2117]
[2108, 2118, 2116]
[2108, 2117, 2118]
[2097, 2115, 2117]
[2091, 2110, 2119]
[2091, 2119, 2105]
[2111, 2120, 2110]
[2111, 2121, 2120]
[2112, 2103, 2122]
[2107, 2123, 2113]
[2107, 2109, 2124]
[2107, 2124, 2123]
[1549, 2114, 2125]
[1549, 2125, 1547]
[1568, 2126, 2115]
[1568, 1566, 2126]
[2115, 2126, 2117]
[2116, 2118, 2127]
[2116, 2128, 2109]
[2116, 2127, 2129]
[2116, 2129, 2128]
[2109, 2128, 2124]
[2119, 2130, 2105]
[2119, 2110, 2131]
[2119, 2132, 2130]
[2119, 2131, 2132]
[2114, 2130, 2125]
[2114, 2105, 2130]
[2110, 2120, 2131]
[2121, 2133, 2120]
[2121, 2134, 2133]
[2120, 2133, 2131]
[2103, 2135, 2122]
[2103, 2113, 2135]
[2113, 2123, 2135]
[1547, 2125, 2136]
[1547, 2136, 1548]
[2125, 2130, 2136]
[1566, 2137, 2126]
[1566, 1564, 2137]
[2117, 2138, 2118]
[2117, 2126, 2138]
[2126, 2137, 2138]
[2129, 2139, 2128]
[2129, 2140, 2139]
[2129, 2141, 2140]
[2129, 2127, 2141]
[2132, 2131, 2142]
[2132, 2143, 2130]
[2132, 2142, 2143]
[2134, 1711, 2133]
[2122, 2135, 2144]
[2123, 2145, 2135]
[2123, 2146, 2145]
[2123, 2124, 2146]
[2145, 2144, 2135]
[2145, 2146, 2144]
[1548, 2136, 2147]
[1548, 2147, 1550]
[1564, 2148, 2137]
[1564, 1562, 2148]
[2138, 2137, 2149]
[2138, 2149, 2118]
[2137, 2148, 2149]
[2128, 2139, 2150]
[2128, 2150, 2124]
[2124, 2150, 2146]
[2127, 2151, 2141]
[2127, 2118, 2152]
[2127, 2152, 2151]
[2118, 2149, 2152]
[2130, 2143, 2153]
[2130, 2153, 2136]
[2142, 2154, 2143]
[2142, 2155, 2154]
[2142, 2156, 2155]
[2142, 2131, 2156]
[2144, 2146, 2157]
[2144, 2157, 2158]
[2146, 2150, 2157]
[2147, 2159, 1550]
[2147, 2136, 2160]
[2147, 2160, 2159]
[2136, 2153, 2160]
[1562, 1560, 2148]
[2139, 2161, 2150]
[2139, 2162, 2161]
[2139, 2140, 2162]
[2150, 2161, 2157]
[2141, 2151, 2163]
[2149, 2164, 2152]
[2149, 2148, 2164]
[2143, 2154, 2165]
[2143, 2165, 2153]
[2153, 2165, 2160]
[2155, 2156, 1731]
[2155, 2166, 2154]
[2155, 1731, 1743]
[2155, 1743, 2166]
[2154, 2166, 2165]
[2158, 2157, 2167]
[2157, 2161, 2167]
[1550, 2159, 1552]
[1560, 2168, 2148]
[1560, 2169, 2168]
[1560, 1558, 2169]
[2148, 2168, 2164]
[2140, 2170, 2162]
[2151, 2171, 2163]
[2151, 2152, 2172]
[2151, 2172, 2171]
[2152, 2164, 2172]
[2160, 2165, 2173]
[2160, 2174, 2159]
[2160, 2173, 2174]
[2156, 1722, 1731]
[2156, 2133, 1722]
[2156, 2131, 2133]
[2166, 2175, 2165]
[2166, 1745, 2175]
[2166, 1743, 1745]
[2165, 2175, 2173]
[2161, 2176, 2167]
[2161, 2162, 2177]
[2161, 2177, 2176]
[1558, 2178, 2169]
[1558, 1556, 2178]
[2168, 2179, 2164]
[2168, 2169, 2179]
[2164, 2179, 2172]
[2170, 2180, 2162]
[2170, 2181, 2180]
[2170, 2182, 2181]
[2180, 2177, 2162]
[2159, 2174, 2183]
[2159, 2183, 1552]
[1722, 2133, 1711]
[1745, 1746, 2175]
[2173, 2184, 2174]
[2173, 2175, 2185]
[2173, 2185, 2184]
[2175, 1746, 2185]
[1556, 2183, 2178]
[1556, 1554, 2183]
[1554, 1552, 2183]
[2169, 2186, 2179]
[2169, 2178, 2186]
[2172, 2179, 2187]
[2172, 2187, 2171]
[2179, 2186, 2187]
[2182, 2188, 2181]
[2182, 2189, 2188]
[2174, 2184, 2190]
[2174, 2190, 2183]
[2183, 2190, 2178]
[1746, 1757, 2185]
[2171, 2187, 2191]
[2171, 2191, 2192]
[2171, 2192, 2163]
[2186, 2178, 2193]
[2186, 2194, 2187]
[2186, 2193, 2194]
[2178, 2190, 2193]
[2189, 2195, 2188]
[2189, 2196, 2195]
[2189, 2197, 2196]
[2184, 2185, 2198]
[2184, 2199, 2190]
[2184, 2198, 2199]
[2185, 1757, 2198]
[2191, 2200, 2192]
[2191, 2187, 2201]
[2191, 2202, 2200]
[2191, 2201, 2202]
[2187, 2194, 2201]
[2193, 2190, 2203]
[2193, 2204, 2194]
[2193, 2203, 2204]
[2190, 2199, 2203]
[2195, 2196, 2205]
[2197, 2206, 2196]
[2197, 2207, 2206]
[1757, 1769, 2198]
[2192, 2200, 2208]
[2208, 2200, 2207]
[2202, 2201, 2209]
[2202, 2210, 2200]
[2202, 2209, 2211]
[2202, 2212, 2210]
[2202, 2211, 2212]
[2194, 2204, 2209]
[2194, 2209, 2201]
[2199, 2213, 2203]
[2199, 2198, 2213]
[2198, 1769, 2213]
[2205, 2196, 2214]
[2205, 2214, 2215]
[2196, 2206, 2214]
[2207, 2200, 2216]
[2207, 2216, 2206]
[2210, 2212, 2217]
[2210, 2218, 2200]
[2210, 2217, 2219]
[2210, 2219, 2218]
[2200, 2218, 2216]
[2211, 2209, 2220]
[2211, 2221, 2212]
[2211, 2220, 2222]
[2211, 2222, 2221]
[2209, 2204, 2220]
[2203, 2213, 2223]
[2203, 2224, 2204]
[2203, 2223, 2224]
[2204, 2224, 2220]
[1769, 1780, 2213]
[2213, 1780, 2223]
[2215, 2214, 2225]
[2215, 2225, 2226]
[2206, 2216, 2227]
[2206, 2228, 2214]
[2206, 2227, 2228]
[2214, 2228, 2225]
[2216, 2218, 2227]
[2217, 2229, 2219]
[2217, 2212, 2230]
[2212, 2221, 2230]
[2222, 2220, 2231]
[2222, 2232, 2221]
[2222, 2231, 2233]
[2222, 2233, 2232]
[2220, 2224, 2231]
[1780, 1792, 2223]
[2226, 2225, 2234]
[2226, 2234, 2235]
[2228, 2227, 2236]
[2228, 2237, 2225]
[2228, 2236, 2237]
[2225, 2237, 2234]
[2227, 2218, 2236]
[2229, 2238, 2219]
[2229, 2239, 2238]
[2230, 2221, 2240]
[2233, 2241, 2232]
[2233, 2231, 2242]
[2233, 2243, 2241]
[2233, 2242, 2243]
[2224, 2223, 2244]
[2224, 2244, 2231]
[2231, 2244, 2242]
[2223, 1792, 2244]
[2235, 2234, 2245]
[2235, 2245, 2246]
[2237, 2236, 2247]
[2237, 2248, 2234]
[2237, 2247, 2248]
[2234, 2248, 2245]
[2218, 2219, 2249]
[2218, 2249, 2236]
[2236, 2249, 2247]
[2219, 2238, 2249]
[2239, 2250, 2238]
[2239, 2251, 2250]
[2221, 2252, 2240]
[2221, 2232, 2252]
[2241, 2243, 2253]
[2241, 2254, 2232]
[2241, 2253, 2255]
[2241, 2255, 2254]
[2232, 2254, 2252]
[2242, 2244, 1804]
[2242, 1815, 2243]
[2242, 1804, 1815]
[1804, 2244, 1792]
[2246, 2245, 2256]
[2246, 2256, 1824]
[2248, 2247, 2257]
[2248, 2258, 2245]
[2248, 2257, 2258]
[2245, 2258, 2256]
[2249, 2238, 2259]
[2249, 2259, 2247]
[2247, 2259, 2257]
[2251, 2260, 2250]
[2240, 2252, 2261]
[2253, 2262, 2255]
[2253, 2243, 1828]
[2253, 1840, 2262]
[2253, 1828, 1840]
[1828, 2243, 1815]
[2254, 2263, 2252]
[2254, 2255, 2264]
[2254, 2264, 2263]
[2252, 2263, 2261]
[1824, 2256, 1836]
[2258, 2257, 2265]
[2258, 2266, 2256]
[2258, 2265, 2266]
[2256, 2266, 1836]
[2238, 2267, 2259]
[2238, 2250, 2267]
[2260, 2268, 2250]
[2260, 2269, 2268]
[2269, 2261, 2263]
[2269, 2263, 2268]
[2262, 1840, 1851]
[2262, 2270, 2255]
[2262, 1851, 2271]
[2262, 2271, 2270]
[2255, 2270, 2264]
[2257, 2272, 2265]
[2257, 2259, 2272]
[2259, 2267, 2272]
[2266, 1857, 1836]
[2266, 2265, 1863]
[2266, 1863, 1857]
[2250, 2268, 2273]
[2250, 2274, 2267]
[2250, 2273, 2274]
[2263, 2264, 2273]
[2263, 2273, 2268]
[1851, 1858, 2271]
[2270, 2275, 2264]
[2270, 2271, 2276]
[2270, 2276, 2275]
[2273, 2275, 2274]
[2273, 2264, 2275]
[2272, 2277, 2265]
[2272, 2267, 2278]
[2272, 2278, 2277]
[2267, 2274, 2278]
[2265, 2277, 1863]
[1858, 1859, 2271]
[2271, 1859, 2276]
[2275, 2279, 2274]
[2275, 2276, 2279]
[2274, 2279, 2278]
[2277, 1860, 1863]
[2277, 2278, 2280]
[2277, 2280, 1860]
[2278, 2279, 2280]
[1859, 1864, 2276]
[1860, 2280, 1862]
[2279, 2276, 2281]
[2279, 2281, 2280]
[2281, 2276, 1864]
[2281, 1864, 1862]
[2281, 1862, 2280]
[2282, 2021, 2283]
[2282, 2026, 2021]
[2282, 2283, 2023]
[2282, 2031, 2026]
[2282, 2023, 2284]
[2282, 2285, 2031]
[2282, 2284, 2286]
[2282, 2286, 2285]
[2021, 2012, 2283]
[2023, 2027, 2284]
[2023, 2283, 2016]
[2031, 2285, 2287]
[2031, 2287, 2039]
[2286, 2284, 2288]
[2012, 2014, 2283]
[2283, 2014, 2016]
[2027, 2289, 2284]
[2027, 2033, 2289]
[2284, 2289, 2288]
[2033, 2290, 2289]
[2033, 2041, 2290]
[2289, 2290, 2288]
[2041, 2291, 2290]
[2041, 2050, 2291]
[2288, 2290, 2292]
[2290, 2291, 2292]
[2050, 2084, 2291]
[2292, 2291, 2293]
[2291, 2084, 2293]
[2084, 2101, 2293]
[2101, 2294, 2293]
[2101, 2112, 2294]
[2112, 2295, 2294]
[2112, 2122, 2295]
[2122, 2158, 2295]
[2122, 2144, 2158]
[2296, 2297, 2197]
[2296, 2298, 2297]
[2296, 2197, 2189]
[2296, 2299, 2298]
[2296, 2189, 2182]
[2296, 2300, 2299]
[2296, 2182, 2301]
[2296, 2301, 2300]
[2297, 2207, 2197]
[2297, 2298, 2302]
[2297, 2303, 2207]
[2297, 2302, 2303]
[2299, 2300, 2304]
[2299, 2305, 2298]
[2299, 2304, 2305]
[2182, 2170, 2301]
[2207, 2303, 2208]
[2302, 2298, 2306]
[2302, 2307, 2303]
[2302, 2306, 2308]
[2302, 2308, 2307]
[2306, 2305, 2308]
[2306, 2298, 2305]
[2300, 2309, 2304]
[2208, 2303, 2310]
[2208, 2310, 2192]
[2303, 2307, 2310]
[2308, 2305, 2311]
[2308, 2312, 2307]
[2308, 2311, 2313]
[2308, 2313, 2312]
[2304, 2309, 2311]
[2304, 2311, 2305]
[2192, 2310, 2314]
[2192, 2314, 2163]
[2307, 2312, 2315]
[2307, 2315, 2310]
[2310, 2315, 2314]
[2313, 2311, 2309]
[2313, 2316, 2312]
[2313, 2309, 2317]
[2313, 2318, 2316]
[2313, 2317, 2318]
[2312, 2316, 2315]
[2163, 2314, 2141]
[2309, 2300, 2317]
[2317, 2300, 2318]
[2316, 2319, 2315]
[2316, 2318, 2320]
[2316, 2320, 2319]
[2314, 2319, 2141]
[2314, 2315, 2319]
[2300, 2301, 2318]
[2318, 2301, 2320]
[2141, 2319, 2140]
[2319, 2320, 2140]
[2301, 2170, 2320]
[2320, 2170, 2140]
[2321, 2322, 2323]
[2321, 2324, 2322]
[2321, 2323, 2293]
[2321, 2325, 2324]
[2321, 2293, 2294]
[2321, 2158, 2325]
[2321, 2294, 2295]
[2321, 2295, 2158]
[2322, 2326, 2323]
[2322, 2324, 2327]
[2322, 2328, 2326]
[2322, 2327, 2328]
[2293, 2323, 2292]
[2325, 2158, 2167]
[2326, 2328, 2329]
[2326, 2330, 2323]
[2326, 2329, 2331]
[2326, 2331, 2330]
[2323, 2330, 2292]
[2327, 2332, 2328]
[2329, 2333, 2331]
[2329, 2328, 2334]
[2329, 2335, 2333]
[2329, 2334, 2335]
[2328, 2332, 2334]
[2330, 2288, 2292]
[2330, 2331, 2336]
[2330, 2336, 2288]
[2333, 2335, 2337]
[2333, 2338, 2331]
[2333, 2337, 2339]
[2333, 2339, 2338]
[2331, 2338, 2336]
[2332, 1923, 2334]
[2288, 2336, 2286]
[2335, 1926, 2337]
[2335, 2334, 1930]
[2335, 1930, 1926]
[1930, 2334, 1923]
[2339, 2340, 2338]
[2339, 2337, 2341]
[2339, 2342, 2340]
[2339, 2341, 2343]
[2339, 2343, 2342]
[2336, 2344, 2286]
[2336, 2338, 2344]
[2338, 2340, 2344]
[1926, 1928, 2337]
[2341, 1934, 2343]
[2341, 2337, 1929]
[2341, 1929, 1934]
[1929, 2337, 1928]
[2342, 2345, 2340]
[2342, 2343, 2346]
[2342, 2347, 2345]
[2342, 2346, 2347]
[2343, 1934, 2346]
[2286, 2344, 2285]
[2340, 2345, 2348]
[2340, 2348, 2344]
[2344, 2348, 2285]
[2347, 2346, 2349]
[2347, 2350, 2345]
[2347, 2349, 2350]
[2345, 2350, 2348]
[1934, 1939, 2346]
[2285, 2348, 2287]
[2349, 2351, 2350]
[2349, 2346, 2352]
[2349, 2353, 2351]
[2349, 2352, 2353]
[2346, 1939, 2352]
[2348, 2354, 2287]
[2348, 2350, 2354]
[2350, 2351, 2354]
[2353, 2352, 2355]
[2353, 2356, 2351]
[2353, 2355, 2357]
[2353, 2357, 2356]
[1939, 1944, 2352]
[2352, 1944, 2355]
[2287, 2354, 2048]
[2287, 2048, 2039]
[2351, 2356, 2358]
[2351, 2358, 2354]
[2357, 2355, 1952]
[2357, 2359, 2356]
[2357, 1952, 1957]
[2357, 2360, 2359]
[2357, 1957, 2360]
[1944, 1949, 2355]
[2355, 1949, 1952]
[2048, 2354, 2361]
[2354, 2358, 2361]
[2356, 2359, 2362]
[2356, 2362, 2358]
[2358, 2362, 2361]
[1957, 1961, 2360]
[2359, 2363, 2362]
[2359, 2360, 2364]
[2359, 2365, 2363]
[2359, 2364, 2365]
[2360, 1961, 2364]
[2361, 2362, 2366]
[2363, 2365, 2121]
[2363, 2099, 2362]
[2363, 2121, 2111]
[2363, 2111, 2099]
[2362, 2099, 2366]
[1961, 1711, 2364]
[2365, 2134, 2121]
[2365, 2364, 2134]
[2134, 2364, 1711]
[2099, 2100, 2366]
[2367, 2368, 2369]
[2367, 2370, 2368]
[2367, 2369, 2371]
[2367, 2372, 2370]
[2367, 2371, 2373]
[2367, 2374, 2372]
[2367, 2373, 2375]
[2367, 2375, 2374]
[2368, 2376, 2369]
[2368, 2370, 2377]
[2368, 2378, 2376]
[2368, 2377, 2378]
[2372, 2374, 2379]
[2372, 2380, 2370]
[2372, 2379, 2380]
[2370, 2380, 2377]
[2373, 2381, 2375]
[2376, 2378, 2382]
[2374, 2383, 2379]
[2374, 2375, 2384]
[2374, 2384, 2383]
[2380, 2385, 2377]
[2380, 2379, 2386]
[2380, 2387, 2385]
[2380, 2386, 2387]
[2381, 2388, 2375]
[2381, 2389, 2388]
[2388, 2389, 2384]
[2388, 2384, 2375]
[2378, 2390, 2382]
[2378, 2377, 2390]
[2383, 2391, 2379]
[2383, 2384, 2392]
[2383, 2393, 2391]
[2383, 2392, 2393]
[2384, 2389, 2392]
[2379, 2391, 2386]
[2385, 2387, 2394]
[2385, 2395, 2377]
[2385, 2394, 2396]
[2385, 2396, 2395]
[2377, 2395, 2390]
[2382, 2390, 2361]
[2393, 2392, 2397]
[2393, 2398, 2391]
[2393, 2399, 2398]
[2393, 2397, 2399]
[2397, 2392, 2389]
[2386, 2400, 2387]
[2386, 2391, 2401]
[2386, 2401, 2400]
[2391, 2398, 2401]
[2394, 2074, 2396]
[2394, 2387, 2402]
[2394, 2083, 2074]
[2394, 2402, 2092]
[2394, 2092, 2083]
[2387, 2400, 2402]
[2395, 2048, 2390]
[2395, 2396, 2047]
[2395, 2047, 2048]
[2048, 2361, 2390]
[2397, 2403, 2399]
[2397, 2389, 2403]
[2398, 2404, 2401]
[2398, 2399, 2405]
[2398, 2405, 2404]
[2074, 2066, 2396]
[2092, 2402, 2100]
[2400, 2401, 2406]
[2400, 2407, 2402]
[2400, 2406, 2407]
[2402, 2407, 2100]
[2401, 2404, 2406]
[2047, 2396, 2057]
[2057, 2396, 2066]
[2389, 2408, 2403]
[2389, 2409, 2408]
[2389, 2381, 2409]
[2399, 2410, 2405]
[2399, 2403, 2410]
[2403, 2408, 2410]
[2407, 2411, 2100]
[2407, 2406, 2412]
[2407, 2412, 2411]
[2404, 2405, 2413]
[2404, 2414, 2406]
[2404, 2413, 2414]
[2406, 2414, 2412]
[2405, 2410, 2413]
[2381, 2415, 2409]
[2381, 2373, 2415]
[2410, 2408, 2415]
[2410, 2415, 2413]
[2408, 2409, 2415]
[2100, 2411, 2366]
[2414, 2369, 2412]
[2414, 2413, 2369]
[2373, 2371, 2415]
[2371, 2369, 2413]
[2371, 2413, 2415]
[2411, 2382, 2366]
[2411, 2412, 2376]
[2411, 2376, 2382]
[2376, 2412, 2369]
[2366, 2382, 2361]
[2416, 1845, 1834]
[2416, 1855, 1845]
[2416, 1834, 1821]
[2416, 1819, 1855]
[2416, 1821, 1797]
[2416, 1796, 1819]
[2416, 1797, 1796]
[1855, 1819, 1832]
[1821, 1808, 1797]
[2417, 2261, 2269]
[2417, 2230, 2261]
[2417, 2269, 2260]
[2417, 2217, 2230]
[2417, 2260, 2251]
[2417, 2229, 2217]
[2417, 2251, 2229]
[2261, 2230, 2240]
[2251, 2239, 2229]
[2418, 2419, 2420]
[2418, 2421, 2419]
[2420, 2419, 2422]
[2421, 2423, 2424]
[2420, 2425, 2426]
[2420, 2422, 2425]
[2419, 2427, 2422]
[2421, 2428, 2423]
[2421, 2424, 2419]
[2426, 2425, 2429]
[2427, 2430, 2422]
[2428, 2431, 2423]
[2424, 2423, 2432]
[2423, 2431, 2432]
[2419, 2424, 2433]
[2424, 2432, 2433]
[2419, 2433, 2427]
[2425, 2422, 2434]
[2422, 2430, 2434]
[2429, 2435, 2436]
[2431, 2437, 2432]
[2433, 2438, 2439]
[2433, 2439, 2427]
[2432, 2437, 2438]
[2432, 2438, 2433]
[2425, 2440, 2429]
[2429, 2440, 2435]
[2430, 2441, 2442]
[2427, 2439, 2441]
[2427, 2441, 2430]
[2434, 2443, 2444]
[2430, 2442, 2443]
[2430, 2443, 2434]
[2436, 2435, 2445]
[2437, 2446, 2438]
[2438, 2446, 2439]
[2425, 2434, 2447]
[2434, 2444, 2447]
[2425, 2447, 2440]
[2441, 2439, 2448]
[2439, 2446, 2448]
[2442, 2441, 2449]
[2442, 2449, 2443]
[2435, 2450, 2445]
[2440, 2447, 2450]
[2440, 2450, 2435]
[2437, 2451, 2446]
[2444, 2452, 2447]
[2447, 2452, 2450]
[2448, 2453, 2454]
[2446, 2451, 2453]
[2446, 2453, 2448]
[2441, 2448, 2455]
[2448, 2454, 2455]
[2441, 2455, 2449]
[2443, 2456, 2457]
[2443, 2457, 2444]
[2443, 2449, 2456]
[2445, 2450, 2458]
[2450, 2452, 2458]
[2451, 2459, 2453]
[2453, 2459, 2454]
[2455, 2460, 2461]
[2455, 2461, 2449]
[2455, 2454, 2460]
[2457, 2462, 2463]
[2444, 2464, 2452]
[2457, 2456, 2462]
[2457, 2463, 2464]
[2457, 2464, 2444]
[2452, 2464, 2458]
[2459, 2465, 2454]
[2454, 2465, 2460]
[2461, 2460, 2466]
[2449, 2461, 2467]
[2456, 2468, 2469]
[2456, 2469, 2462]
[2449, 2467, 2468]
[2449, 2468, 2456]
[2463, 2462, 2470]
[2464, 2463, 2471]
[2471, 2458, 2464]
[2471, 2463, 2470]
[2465, 2472, 2460]
[2460, 2472, 2466]
[2461, 2473, 2467]
[2461, 2466, 2473]
[2469, 2474, 2475]
[2468, 2474, 2469]
[2462, 2476, 2470]
[2476, 2469, 2475]
[2469, 2476, 2462]
[2472, 2477, 2466]
[2467, 2473, 2478]
[2468, 2467, 2479]
[2467, 2478, 2479]
[2468, 2479, 2474]
[2475, 2474, 2480]
[2477, 2481, 2466]
[2466, 2481, 2473]
[2478, 2473, 2482]
[2478, 2482, 2479]
[2474, 2483, 2480]
[2474, 2479, 2483]
[2477, 2484, 2481]
[2473, 2485, 2482]
[2473, 2481, 2485]
[2480, 2483, 2486]
[2479, 2482, 2487]
[2479, 2487, 2483]
[2484, 2488, 2481]
[2481, 2488, 2485]
[2486, 2489, 2490]
[2483, 2487, 2489]
[2483, 2489, 2486]
[2482, 2485, 2491]
[2482, 2491, 2487]
[2484, 2492, 2488]
[2490, 2493, 2494]
[2490, 2489, 2493]
[2485, 2495, 2491]
[2485, 2488, 2495]
[2487, 2491, 2496]
[2489, 2496, 2493]
[2489, 2487, 2496]
[2492, 2497, 2488]
[2488, 2497, 2495]
[2494, 2498, 2499]
[2493, 2498, 2494]
[2493, 2496, 2498]
[2491, 2500, 2501]
[2492, 2502, 2497]
[2495, 2500, 2491]
[2499, 2503, 2504]
[2503, 2496, 2491]
[2503, 2499, 2498]
[2503, 2501, 2500]
[2503, 2500, 2504]
[2503, 2498, 2496]
[2503, 2491, 2501]
[2502, 2505, 2497]
[2495, 2505, 2500]
[2495, 2497, 2505]
[2504, 2500, 2506]
[2506, 2505, 2502]
[2505, 2506, 2500]
[2418, 2420, 2507]
[2418, 2507, 2421]
[2420, 2508, 2507]
[2421, 2509, 2428]
[2420, 2510, 2508]
[2507, 2508, 2511]
[2421, 2512, 2509]
[2421, 2507, 2512]
[2428, 2509, 2431]
[2420, 2426, 2510]
[2508, 2513, 2511]
[2507, 2511, 2514]
[2507, 2514, 2512]
[2509, 2515, 2431]
[2512, 2514, 2515]
[2512, 2515, 2509]
[2426, 2429, 2510]
[2508, 2510, 2516]
[2508, 2516, 2513]
[2511, 2517, 2518]
[2511, 2518, 2514]
[2511, 2513, 2517]
[2431, 2515, 2437]
[2429, 2519, 2520]
[2510, 2429, 2520]
[2516, 2521, 2522]
[2518, 2523, 2514]
[2515, 2523, 2437]
[2515, 2514, 2523]
[2513, 2524, 2517]
[2513, 2516, 2522]
[2513, 2522, 2524]
[2519, 2436, 2445]
[2436, 2519, 2429]
[2510, 2520, 2525]
[2516, 2525, 2521]
[2516, 2510, 2525]
[2518, 2517, 2526]
[2437, 2523, 2527]
[2518, 2527, 2523]
[2518, 2526, 2527]
[2522, 2521, 2528]
[2524, 2529, 2517]
[2524, 2522, 2529]
[2445, 2458, 2530]
[2520, 2519, 2530]
[2519, 2445, 2530]
[2520, 2530, 2525]
[2437, 2527, 2451]
[2526, 2531, 2532]
[2527, 2532, 2451]
[2527, 2526, 2532]
[2521, 2525, 2533]
[2530, 2458, 2533]
[2530, 2533, 2525]
[2528, 2534, 2535]
[2517, 2536, 2526]
[2526, 2536, 2531]
[2517, 2529, 2536]
[2522, 2528, 2537]
[2522, 2537, 2529]
[2451, 2532, 2459]
[2532, 2531, 2459]
[2521, 2533, 2538]
[2528, 2538, 2534]
[2528, 2535, 2537]
[2528, 2521, 2538]
[2533, 2458, 2538]
[2536, 2539, 2540]
[2536, 2529, 2539]
[2536, 2540, 2531]
[2459, 2531, 2465]
[2531, 2540, 2465]
[2534, 2470, 2535]
[2537, 2541, 2542]
[2537, 2542, 2529]
[2537, 2535, 2541]
[2458, 2471, 2538]
[2471, 2534, 2538]
[2534, 2471, 2470]
[2539, 2543, 2540]
[2465, 2540, 2472]
[2540, 2543, 2472]
[2542, 2541, 2544]
[2529, 2545, 2539]
[2529, 2542, 2545]
[2535, 2470, 2476]
[2535, 2476, 2541]
[2543, 2477, 2472]
[2544, 2541, 2475]
[2541, 2476, 2475]
[2539, 2545, 2546]
[2539, 2546, 2543]
[2542, 2547, 2545]
[2542, 2544, 2547]
[2477, 2548, 2484]
[2543, 2546, 2548]
[2543, 2548, 2477]
[2475, 2480, 2544]
[2545, 2549, 2546]
[2545, 2547, 2549]
[2484, 2550, 2492]
[2484, 2548, 2550]
[2480, 2551, 2544]
[2544, 2551, 2547]
[2546, 2552, 2553]
[2546, 2549, 2552]
[2548, 2553, 2550]
[2548, 2546, 2553]
[2549, 2547, 2552]
[2492, 2554, 2502]
[2492, 2550, 2554]
[2480, 2486, 2551]
[2553, 2555, 2556]
[2553, 2552, 2555]
[2550, 2556, 2554]
[2550, 2553, 2556]
[2547, 2557, 2552]
[2552, 2557, 2555]
[2547, 2551, 2557]
[2502, 2558, 2506]
[2554, 2558, 2502]
[2554, 2556, 2558]
[2486, 2559, 2551]
[2551, 2559, 2557]
[2555, 2560, 2561]
[2558, 2561, 2506]
[2556, 2555, 2561]
[2556, 2561, 2558]
[2486, 2490, 2559]
[2557, 2562, 2555]
[2557, 2559, 2562]
[2560, 2563, 2561]
[2555, 2563, 2560]
[2555, 2562, 2563]
[2506, 2561, 2504]
[2561, 2563, 2504]
[2490, 2564, 2559]
[2559, 2564, 2562]
[2563, 2565, 2499]
[2563, 2499, 2504]
[2562, 2564, 2565]
[2562, 2565, 2563]
[2490, 2494, 2564]
[2494, 2499, 2565]
[2565, 2564, 2494]
