[-0.16516, 0.72169, 0.116303]
[-0.133983, 0.719033, 0.177068]
[-0.128479, 0.764263, 0.174177]
[-0.139735, 0.676801, 0.179457]
[-0.158773, 0.768825, 0.116384]
[-0.168882, 0.672902, 0.119142]
[-0.180205, 0.770887, 0.051298]
[-0.191669, 0.674611, 0.052625]
[-0.187274, 0.724141, 0.049975]
[-0.092143, 0.756394, 0.237017]
[-0.108203, 0.681667, 0.242746]
[-0.101222, 0.715566, 0.241708]
[-0.17173, 0.818347, 0.05431]
[-0.120062, 0.808848, 0.17142]
[-0.1495, 0.816414, 0.118001]
[-0.194072, 0.628602, 0.05621]
[-0.144519, 0.637116, 0.182922]
[-0.169336, 0.625422, 0.121356]
[-0.200961, 0.771594, -0.01509]
[-0.214636, 0.677913, -0.017806]
[-0.210256, 0.728861, -0.017653]
[-0.082699, 0.800994, 0.222383]
[-0.112839, 0.647553, 0.240887]
[-0.158872, 0.862736, 0.056823]
[-0.190494, 0.819828, -0.009585]
[-0.176563, 0.862805, -0.004334]
[-0.215339, 0.644733, -0.017806]
[-0.077477, 0.84283, 0.202612]
[-0.138314, 0.861027, 0.119955]
[-0.109784, 0.853008, 0.168463]
[0.16516, 0.72169, 0.116303]
[0.158773, 0.768825, 0.116384]
[0.128479, 0.764263, 0.174177]
[0.180205, 0.770887, 0.051298]
[0.133983, 0.719033, 0.177068]
[0.187274, 0.724141, 0.049975]
[0.139735, 0.676801, 0.179457]
[0.191669, 0.674611, 0.052625]
[0.168882, 0.672902, 0.119142]
[0.120062, 0.808848, 0.17142]
[0.17173, 0.818347, 0.05431]
[0.1495, 0.816414, 0.118001]
[0.108203, 0.681667, 0.242746]
[0.092143, 0.756394, 0.237017]
[0.101222, 0.715566, 0.241708]
[0.214636, 0.677913, -0.017806]
[0.200961, 0.771594, -0.01509]
[0.210256, 0.728861, -0.017653]
[0.144519, 0.637116, 0.182922]
[0.194072, 0.628602, 0.05621]
[0.169336, 0.625422, 0.121356]
[0.109784, 0.853008, 0.168463]
[0.082699, 0.800994, 0.222383]
[0.077477, 0.84283, 0.202612]
[0.190494, 0.819828, -0.009585]
[0.158872, 0.862736, 0.056823]
[0.176563, 0.862805, -0.004334]
[0.112839, 0.647553, 0.240887]
[0.215339, 0.644733, -0.017806]
[0.138314, 0.861027, 0.119955]
[-0.045873, 0.296705, -0.188053]
[-0.054995, 0.326271, -0.181157]
[-0.033629, 0.311285, -0.20415]
[-0.045943, 0.35162, -0.174666]
[-0.039366, 0.329811, -0.198886]
[-0.032822, 0.348239, -0.194086]
[-0.027284, 0.335102, -0.219977]
[-0.093908, 0.358092, -0.157496]
[-0.023007, 0.322925, -0.223185]
[-0.030566, 0.368394, -0.172937]
[-0.095201, 0.322494, -0.168359]
[-0.023434, 0.348244, -0.216734]
[-0.01568, 0.332532, -0.240652]
[-0.008799, 0.32705, -0.241975]
[-0.032293, 0.392402, -0.165007]
[-0.132265, 0.359694, -0.135228]
[-0.018916, 0.340373, -0.238411]
[-0.019876, 0.360825, -0.190094]
[-0.013208, 0.313916, -0.22551]
[-0.061811, 0.412791, -0.154711]
[-0.093026, 0.410799, -0.142165]
[-0.013564, 0.356972, -0.214023]
[0.0, 0.374599, -0.174025]
[-0.007342, 0.341297, -0.256106]
[-0.003908, 0.337972, -0.255168]
[-0.016669, 0.348762, -0.236735]
[0.0, 0.324571, -0.242274]
[-0.027067, 0.404401, -0.174949]
[0.0, 0.387993, -0.170913]
[-0.167685, 0.359773, -0.102747]
[-0.15114, 0.409306, -0.098403]
[-0.075751, 0.462046, -0.142008]
[-0.009625, 0.354142, -0.234934]
[0.0, 0.367619, -0.188045]
[0.0, 0.346535, -0.260424]
[0.0, 0.338879, -0.258199]
[-0.010134, 0.344348, -0.252259]
[0.0, 0.310584, -0.22633]
[-0.054645, 0.423349, -0.168396]
[-0.021917, 0.438711, -0.21929]
[0.0, 0.397048, -0.178122]
[-0.123593, 0.410964, -0.125332]
[-0.178541, 0.406189, -0.057915]
[0.0, 0.361574, -0.212859]
[-0.003626, 0.351272, -0.252072]
[-0.007078, 0.348999, -0.254404]
[-0.039644, 0.452044, -0.213707]
[-0.063403, 0.505978, -0.129228]
[-0.057855, 0.506263, -0.144132]
[0.0, 0.433258, -0.22185]
[-0.091687, 0.459697, -0.129561]
[-0.191419, 0.360162, -0.059825]
[-0.150905, 0.455267, -0.08341]
[-0.13628, 0.456921, -0.09564]
[0.0, 0.357467, -0.233935]
[0.0, 0.352148, -0.255163]
[-0.066819, 0.465328, -0.156169]
[-0.081177, 0.508241, -0.118108]
[-0.025697, 0.474187, -0.254732]
[-0.014317, 0.465887, -0.257627]
[-0.201776, 0.359136, -0.006335]
[-0.192702, 0.390924, -0.007246]
[-0.118213, 0.512724, -0.084991]
[-0.112975, 0.458897, -0.115647]
[-0.131273, 0.508249, -0.073902]
[-0.042001, 0.540857, -0.120418]
[-0.034027, 0.537845, -0.137256]
[-0.042413, 0.50835, -0.197882]
[-0.100253, 0.510842, -0.103747]
[-0.085798, 0.548734, -0.093795]
[-0.046757, 0.480134, -0.20667]
[0.0, 0.461924, -0.25926]
[-0.194842, 0.389494, 0.049124]
[-0.182413, 0.411272, -0.052932]
[-0.159114, 0.455277, -0.077514]
[-0.138276, 0.505026, -0.067184]
[-0.065686, 0.545584, -0.107675]
[-0.119192, 0.552468, -0.042978]
[-0.099405, 0.55248, -0.075615]
[-0.016362, 0.524124, -0.241345]
[-0.028172, 0.510964, -0.244725]
[-0.030991, 0.493118, -0.248847]
[-0.012851, 0.496583, -0.292405]
[-0.006104, 0.490319, -0.294048]
[-0.20478, 0.357139, 0.052012]
[-0.188805, 0.400413, -0.006326]
[-0.134465, 0.534932, -0.030409]
[-0.129755, 0.539963, -0.035198]
[-0.029542, 0.575709, -0.117022]
[0.0, 0.55166, -0.123853]
[0.0, 0.546202, -0.13584]
[-0.02388, 0.529438, -0.193122]
[-0.081333, 0.573451, -0.093156]
[-0.007949, 0.51867, -0.283947]
[-0.017506, 0.504053, -0.285839]
[0.0, 0.492186, -0.297497]
[-0.199042, 0.354414, 0.104369]
[-0.190546, 0.400632, 0.04885]
[-0.133884, 0.547578, 0.022109]
[-0.129251, 0.552795, 0.021918]
[0.0, 0.575724, -0.122817]
[-0.057211, 0.574845, -0.107107]
[-0.114455, 0.561998, -0.045848]
[0.0, 0.536179, -0.191932]
[0.0, 0.528117, -0.240704]
[-0.013848, 0.513017, -0.288163]
[-0.181885, 0.358219, 0.14978]
[-0.18306, 0.409532, 0.096088]
[-0.13546, 0.527517, 0.072512]
[-0.126102, 0.562196, 0.022195]
[-0.024335, 0.608124, -0.133164]
[0.0, 0.611185, -0.141646]
[-0.079718, 0.601449, -0.10274]
[-0.097994, 0.57498, -0.075516]
[0.0, 0.50914, -0.302153]
[-0.146252, 0.362389, 0.188579]
[-0.162386, 0.412549, 0.14112]
[-0.18552, 0.416463, 0.092285]
[-0.128014, 0.530321, 0.078646]
[-0.129661, 0.570151, 0.021753]
[-0.051374, 0.604047, -0.116858]
[-0.116205, 0.578869, -0.047452]
[-0.104328, 0.600697, -0.07974]
[0.0, 0.51991, -0.290632]
[-0.102938, 0.364734, 0.21655]
[-0.130303, 0.414861, 0.171798]
[-0.159232, 0.458508, 0.115457]
[-0.164271, 0.458648, 0.108704]
[-0.148165, 0.496646, 0.100081]
[-0.140549, 0.498803, 0.102737]
[-0.109159, 0.536735, 0.083444]
[-0.10915, 0.556318, 0.08012]
[-0.136805, 0.582069, 0.022284]
[-0.126224, 0.600296, -0.045999]
[-0.111465, 0.305059, 0.231452]
[-0.140559, 0.455122, 0.134575]
[-0.085792, 0.545104, 0.117782]
[-0.119885, 0.500428, 0.11651]
[-0.126572, 0.572729, 0.084669]
[-0.148999, 0.597891, 0.023257]
[-0.056861, 0.303949, 0.249106]
[-0.091524, 0.417124, 0.194106]
[-0.114451, 0.455762, 0.155995]
[-0.087336, 0.523659, 0.120802]
[-0.102399, 0.55881, 0.136014]
[-0.148542, 0.598741, 0.091986]
[-0.056597, 0.240642, 0.250957]
[0.0, 0.303477, 0.254968]
[-0.080636, 0.456372, 0.175646]
[-0.053385, 0.365074, 0.233965]
[-0.096738, 0.496697, 0.136902]
[-0.063386, 0.537258, 0.140524]
[-0.143949, 0.597677, 0.134922]
[0.0, 0.239913, 0.256095]
[-0.047391, 0.417319, 0.21027]
[-0.041098, 0.455557, 0.188651]
[-0.069315, 0.490753, 0.158861]
[-0.06317, 0.515127, 0.146609]
[-0.070767, 0.545508, 0.167739]
[-0.053528, 0.176768, 0.232521]
[0.0, 0.365653, 0.239473]
[-0.03679, 0.486164, 0.172164]
[-0.033246, 0.510494, 0.160843]
[-0.034363, 0.53133, 0.1579]
[0.0, 0.174666, 0.23755]
[0.0, 0.416425, 0.214901]
[0.0, 0.45529, 0.19124]
[0.0, 0.484802, 0.176651]
[0.0, 0.509499, 0.165553]
[0.0, 0.529491, 0.160839]
[-0.036059, 0.539318, 0.183538]
[-0.046147, 0.13007, 0.205657]
[0.0, 0.537174, 0.187682]
[-0.03835, 0.095717, 0.173381]
[0.0, 0.127647, 0.211234]
[0.0, 0.09333, 0.176865]
[-0.030239, 0.072886, 0.142221]
[0.0, 0.070925, 0.144946]
[-0.021565, 0.059538, 0.110958]
[0.0, 0.04792, 0.072272]
[0.0, 0.057531, 0.109912]
[0.045873, 0.296705, -0.188053]
[0.033629, 0.311285, -0.20415]
[0.054995, 0.326271, -0.181157]
[0.039366, 0.329811, -0.198886]
[0.027284, 0.335102, -0.219977]
[0.045943, 0.35162, -0.174666]
[0.023007, 0.322925, -0.223185]
[0.093908, 0.358092, -0.157496]
[0.095201, 0.322494, -0.168359]
[0.032822, 0.348239, -0.194086]
[0.013208, 0.313916, -0.22551]
[0.008799, 0.32705, -0.241975]
[0.132265, 0.359694, -0.135228]
[0.030566, 0.368394, -0.172937]
[0.023434, 0.348244, -0.216734]
[0.01568, 0.332532, -0.240652]
[0.093026, 0.410799, -0.142165]
[0.032293, 0.392402, -0.165007]
[0.018916, 0.340373, -0.238411]
[0.019876, 0.360825, -0.190094]
[0.003908, 0.337972, -0.255168]
[0.061811, 0.412791, -0.154711]
[0.15114, 0.409306, -0.098403]
[0.167685, 0.359773, -0.102747]
[0.013564, 0.356972, -0.214023]
[0.016669, 0.348762, -0.236735]
[0.007342, 0.341297, -0.256106]
[0.091687, 0.459697, -0.129561]
[0.123593, 0.410964, -0.125332]
[0.027067, 0.404401, -0.174949]
[0.054645, 0.423349, -0.168396]
[0.075751, 0.462046, -0.142008]
[0.178541, 0.406189, -0.057915]
[0.009625, 0.354142, -0.234934]
[0.010134, 0.344348, -0.252259]
[0.112975, 0.458897, -0.115647]
[0.13628, 0.456921, -0.09564]
[0.066819, 0.465328, -0.156169]
[0.191419, 0.360162, -0.059825]
[0.003626, 0.351272, -0.252072]
[0.007078, 0.348999, -0.254404]
[0.100253, 0.510842, -0.103747]
[0.118213, 0.512724, -0.084991]
[0.150905, 0.455267, -0.08341]
[0.021917, 0.438711, -0.21929]
[0.042413, 0.50835, -0.197882]
[0.057855, 0.506263, -0.144132]
[0.063403, 0.505978, -0.129228]
[0.192702, 0.390924, -0.007246]
[0.081177, 0.508241, -0.118108]
[0.131273, 0.508249, -0.073902]
[0.039644, 0.452044, -0.213707]
[0.014317, 0.465887, -0.257627]
[0.046757, 0.480134, -0.20667]
[0.201776, 0.359136, -0.006335]
[0.182413, 0.411272, -0.052932]
[0.085798, 0.548734, -0.093795]
[0.02388, 0.529438, -0.193122]
[0.034027, 0.537845, -0.137256]
[0.138276, 0.505026, -0.067184]
[0.025697, 0.474187, -0.254732]
[0.194842, 0.389494, 0.049124]
[0.159114, 0.455277, -0.077514]
[0.065686, 0.545584, -0.107675]
[0.119192, 0.552468, -0.042978]
[0.028172, 0.510964, -0.244725]
[0.016363, 0.524124, -0.241345]
[0.006104, 0.490319, -0.294048]
[0.030991, 0.493118, -0.248847]
[0.20478, 0.357139, 0.052012]
[0.188805, 0.400413, -0.006326]
[0.129755, 0.539963, -0.035198]
[0.134465, 0.534932, -0.030409]
[0.099405, 0.55248, -0.075615]
[0.042001, 0.540857, -0.120418]
[0.007949, 0.51867, -0.283947]
[0.012851, 0.496583, -0.292405]
[0.017506, 0.504053, -0.285839]
[0.199042, 0.354414, 0.104369]
[0.190546, 0.400632, 0.04885]
[0.129251, 0.552795, 0.021918]
[0.133884, 0.547578, 0.022109]
[0.081333, 0.573451, -0.093156]
[0.126102, 0.562196, 0.022195]
[0.013848, 0.513017, -0.288163]
[0.18306, 0.409532, 0.096088]
[0.181885, 0.358219, 0.14978]
[0.13546, 0.527517, 0.072512]
[0.114455, 0.561998, -0.045848]
[0.057211, 0.574845, -0.107107]
[0.109159, 0.536735, 0.083444]
[0.128014, 0.530321, 0.078646]
[0.029542, 0.575709, -0.117022]
[0.162386, 0.412549, 0.14112]
[0.146252, 0.362389, 0.188579]
[0.18552, 0.416463, 0.092285]
[0.097994, 0.57498, -0.075516]
[0.129661, 0.570151, 0.021753]
[0.119885, 0.500428, 0.11651]
[0.140549, 0.498803, 0.102737]
[0.148165, 0.496646, 0.100081]
[0.051374, 0.604047, -0.116858]
[0.079718, 0.601449, -0.10274]
[0.130303, 0.414861, 0.171798]
[0.102938, 0.364734, 0.21655]
[0.159232, 0.458508, 0.115457]
[0.140559, 0.455122, 0.134575]
[0.164271, 0.458648, 0.108704]
[0.116205, 0.578869, -0.047452]
[0.10915, 0.556318, 0.08012]
[0.024335, 0.608124, -0.133164]
[0.104328, 0.600697, -0.07974]
[0.091524, 0.417124, 0.194106]
[0.053385, 0.365074, 0.233965]
[0.114451, 0.455762, 0.155995]
[0.111465, 0.305059, 0.231452]
[0.087336, 0.523659, 0.120802]
[0.136805, 0.582069, 0.022284]
[0.126572, 0.572729, 0.084669]
[0.126224, 0.600296, -0.045999]
[0.047391, 0.417319, 0.21027]
[0.096738, 0.496697, 0.136902]
[0.056861, 0.303949, 0.249106]
[0.085792, 0.545104, 0.117782]
[0.102399, 0.55881, 0.136014]
[0.148999, 0.597891, 0.023257]
[0.080636, 0.456372, 0.175646]
[0.069315, 0.490753, 0.158861]
[0.056597, 0.240642, 0.250957]
[0.06317, 0.515127, 0.146609]
[0.063386, 0.537258, 0.140524]
[0.148542, 0.598741, 0.091986]
[0.041098, 0.455557, 0.188651]
[0.03679, 0.486164, 0.172164]
[0.070767, 0.545508, 0.167739]
[0.033246, 0.510494, 0.160843]
[0.143949, 0.597677, 0.134922]
[0.053528, 0.176768, 0.232521]
[0.034363, 0.53133, 0.1579]
[0.036059, 0.539318, 0.183538]
[0.046147, 0.13007, 0.205657]
[0.03835, 0.095717, 0.173381]
[0.030239, 0.072886, 0.142221]
[0.021565, 0.059538, 0.110958]
[0.183651, 0.457858, -0.070055]
[0.170503, 0.496481, -0.056671]
[0.158523, 0.527741, -0.024125]
[0.15608, 0.542689, 0.022026]
[0.160428, 0.524507, 0.068149]
[0.17057, 0.493573, 0.095299]
[0.183371, 0.458033, 0.103064]
[0.198862, 0.423474, 0.087838]
[0.208766, 0.40639, 0.048388]
[0.207498, 0.406496, -0.00565]
[0.199219, 0.422991, -0.047268]
[-0.131969, 0.59516, 0.195446]
[-0.103512, 0.566854, 0.206559]
[-0.073305, 0.547974, 0.216307]
[-0.096041, 0.586791, 0.264005]
[-0.079417, 0.572508, 0.261224]
[-0.037615, 0.539351, 0.221229]
[-0.083231, 0.580847, 0.291015]
[-0.060876, 0.556847, 0.263136]
[-0.064559, 0.56564, 0.301429]
[0.0, 0.534088, 0.22316]
[-0.055887, 0.562732, 0.355392]
[-0.031767, 0.544342, 0.264975]
[0.037615, 0.539351, 0.221229]
[-0.047765, 0.552026, 0.300535]
[-0.049266, 0.553595, 0.342435]
[0.0, 0.538805, 0.267015]
[0.073305, 0.547974, 0.216307]
[-0.033679, 0.537596, 0.370611]
[-0.025906, 0.541, 0.29971]
[-0.037083, 0.543471, 0.335432]
[0.031767, 0.544342, 0.264975]
[0.103512, 0.566854, 0.206559]
[-0.016712, 0.537202, 0.394538]
[-0.034849, 0.544815, 0.388429]
[0.0, 0.536641, 0.299794]
[-0.0206, 0.532767, 0.332847]
[-0.030741, 0.540532, 0.353022]
[0.060876, 0.556847, 0.263136]
[0.131969, 0.59516, 0.195446]
[-0.016551, 0.530654, 0.368389]
[0.0, 0.52819, 0.33213]
[0.025906, 0.541, 0.29971]
[0.079417, 0.572508, 0.261224]
[0.096041, 0.586791, 0.264005]
[0.0, 0.529496, 0.394259]
[-0.018575, 0.531711, 0.350619]
[0.047765, 0.552026, 0.300535]
[0.083231, 0.580847, 0.291015]
[0.0, 0.524111, 0.367505]
[0.0, 0.526151, 0.349816]
[0.0206, 0.532767, 0.332847]
[0.064559, 0.56564, 0.301429]
[0.037083, 0.543471, 0.335432]
[0.055887, 0.562732, 0.355392]
[0.018575, 0.531711, 0.350619]
[0.049266, 0.553595, 0.342435]
[0.030741, 0.540532, 0.353022]
[0.033679, 0.537596, 0.370611]
[0.016551, 0.530654, 0.368389]
[0.034849, 0.544815, 0.388429]
[0.016712, 0.537202, 0.394538]
[-0.183371, 0.458033, 0.103064]
[-0.198862, 0.423474, 0.087838]
[-0.201045, 0.45784, 0.095535]
[-0.240688, 0.458539, 0.087632]
[-0.214724, 0.426931, 0.082378]
[-0.208766, 0.40639, 0.048388]
[-0.247482, 0.431297, 0.075765]
[-0.207498, 0.406496, -0.00565]
[-0.273997, 0.459468, 0.083582]
[-0.224595, 0.410078, 0.048095]
[-0.199219, 0.422991, -0.047268]
[-0.276761, 0.433697, 0.073643]
[-0.251138, 0.415359, 0.047461]
[-0.224457, 0.410393, -0.005011]
[-0.183651, 0.457858, -0.070055]
[-0.299075, 0.459382, 0.082427]
[-0.278376, 0.417652, -0.002163]
[-0.251362, 0.414937, -0.003932]
[-0.215821, 0.427231, -0.041606]
[-0.201778, 0.458008, -0.057627]
[-0.299075, 0.433746, 0.073664]
[-0.278219, 0.417304, 0.047461]
[-0.299075, 0.417779, -0.00075]
[-0.247929, 0.431104, -0.034212]
[-0.240539, 0.460355, -0.046434]
[-0.324597, 0.433779, 0.073664]
[-0.299075, 0.417416, 0.047461]
[-0.276931, 0.433974, -0.029934]
[-0.274297, 0.459745, -0.040138]
[-0.324597, 0.459443, 0.082602]
[-0.299128, 0.433946, -0.029453]
[-0.324597, 0.417502, 0.047461]
[-0.299075, 0.459834, -0.037165]
[-0.351897, 0.45941, 0.083849]
[-0.351897, 0.433621, 0.073664]
[-0.324597, 0.417843, -0.00075]
[-0.324597, 0.459793, -0.03637]
[-0.363598, 0.458485, 0.084611]
[-0.351897, 0.417472, 0.047461]
[-0.324597, 0.433987, -0.029592]
[-0.386593, 0.467345, 0.089842]
[-0.377652, 0.441381, 0.09209]
[-0.36321, 0.432026, 0.075576]
[-0.363598, 0.417551, -0.000749]
[-0.351897, 0.417385, -0.000749]
[-0.35178, 0.459778, -0.035273]
[-0.405582, 0.455361, 0.083677]
[-0.390741, 0.450713, 0.091224]
[-0.363598, 0.417551, 0.047461]
[-0.351897, 0.433969, -0.029592]
[-0.40558, 0.472166, 0.089028]
[-0.371648, 0.425734, 0.082466]
[-0.371394, 0.414823, 0.046584]
[-0.363713, 0.435996, -0.029633]
[-0.421569, 0.459158, 0.078033]
[-0.409179, 0.450781, 0.060964]
[-0.373891, 0.416161, 0.069365]
[-0.36832, 0.419379, 0.064586]
[-0.363482, 0.459679, -0.03442]
[-0.371676, 0.416088, -6e-06]
[-0.420835, 0.458361, 0.057237]
[-0.423713, 0.475686, 0.084514]
[-0.387995, 0.41448, 0.043262]
[-0.382958, 0.439298, -0.030481]
[-0.371676, 0.426654, -0.021541]
[-0.406758, 0.440489, 0.034422]
[-0.401358, 0.420213, 0.041555]
[-0.440659, 0.477616, 0.079405]
[-0.440794, 0.464594, 0.071396]
[-0.386872, 0.414624, -0.000138]
[-0.382908, 0.46496, -0.035286]
[-0.385082, 0.426207, -0.021386]
[-0.420505, 0.457634, 0.028103]
[-0.447992, 0.47766, 0.076745]
[-0.401843, 0.418808, -0.000138]
[-0.405328, 0.447159, -0.029711]
[-0.402946, 0.471084, -0.033993]
[-0.396522, 0.428013, -0.02117]
[-0.440794, 0.463949, 0.05155]
[-0.448048, 0.465104, 0.069296]
[-0.405834, 0.440581, 0.000737]
[-0.420149, 0.458084, -0.027379]
[-0.421929, 0.475539, -0.03005]
[-0.45512, 0.477502, 0.07408]
[-0.440794, 0.463448, 0.025293]
[-0.440792, 0.465026, -0.020971]
[-0.440682, 0.477619, -0.024921]
[-0.420604, 0.456286, 0.001745]
[-0.478285, 0.464896, 0.059421]
[-0.455074, 0.465272, 0.067032]
[-0.448122, 0.463789, 0.049842]
[-0.448186, 0.477581, -0.02252]
[-0.440794, 0.462912, 0.002461]
[-0.455234, 0.463563, 0.049071]
[-0.484505, 0.477243, 0.061416]
[-0.448122, 0.466204, -0.018792]
[-0.448122, 0.463634, 0.02467]
[-0.448125, 0.462976, 0.003122]
[-0.480573, 0.464609, 0.045839]
[-0.455122, 0.47739, -0.019833]
[-0.455234, 0.463334, 0.003977]
[-0.48736, 0.477256, 0.044994]
[-0.455234, 0.463908, 0.024478]
[-0.455122, 0.46611, -0.016537]
[-0.488346, 0.477256, 0.022668]
[-0.482633, 0.464957, 0.023174]
[-0.480974, 0.477256, -0.011407]
[-0.478396, 0.463895, -0.009367]
[-0.48627, 0.477256, 0.006891]
[-0.481259, 0.464416, 0.006777]
[-0.410563, 0.427764, 0.078684]
[-0.411963, 0.431434, 0.076821]
[-0.406131, 0.41894, 0.073502]
[-0.406192, 0.419263, 0.067986]
[-0.395846, 0.410931, 0.071976]
[-0.397911, 0.411886, 0.076567]
[-0.386403, 0.411129, 0.083622]
[-0.390279, 0.4107, 0.085372]
[-0.403111, 0.418805, 0.089514]
[-0.388135, 0.417291, 0.094481]
[-0.38383, 0.418353, 0.094893]
[-0.392168, 0.427314, 0.098664]
[-0.388333, 0.430682, 0.100019]
[-0.400393, 0.433258, 0.095659]
[-0.407797, 0.433291, 0.087916]
[-0.397878, 0.437695, 0.097028]
[-0.406806, 0.437553, 0.08819]
[-0.389877, 0.412138, 0.084428]
[-0.398958, 0.409453, 0.089977]
[-0.396654, 0.412958, 0.076104]
[-0.404198, 0.410088, 0.083542]
[-0.406717, 0.407454, 0.094622]
[-0.404124, 0.42008, 0.073044]
[-0.410533, 0.407916, 0.089935]
[-0.409974, 0.415595, 0.081176]
[-0.407909, 0.429331, 0.077039]
[-0.412595, 0.407416, 0.097701]
[-0.414716, 0.407327, 0.094757]
[-0.4129, 0.422747, 0.084265]
[-0.417253, 0.409557, 0.099487]
[-0.414739, 0.411927, 0.088211]
[-0.405795, 0.435292, 0.08575]
[-0.417665, 0.414795, 0.098122]
[-0.418668, 0.413078, 0.095085]
[-0.417134, 0.409946, 0.094074]
[-0.411264, 0.427355, 0.090999]
[-0.415681, 0.420494, 0.095367]
[-0.413126, 0.412262, 0.101749]
[-0.415544, 0.414881, 0.101066]
[-0.416872, 0.417137, 0.090461]
[-0.399019, 0.434469, 0.094073]
[-0.407657, 0.416019, 0.101777]
[-0.411592, 0.409133, 0.100738]
[-0.411864, 0.42003, 0.100054]
[-0.406027, 0.42672, 0.097435]
[-0.391549, 0.427347, 0.097133]
[-0.400251, 0.421216, 0.099801]
[-0.405526, 0.410809, 0.099527]
[-0.387764, 0.418097, 0.093138]
[-0.397325, 0.414063, 0.096712]
[-0.17057, 0.493573, 0.095299]
[-0.188275, 0.489806, 0.087319]
[-0.160428, 0.524507, 0.068149]
[-0.180375, 0.50897, 0.062201]
[-0.233902, 0.486179, 0.080502]
[-0.15608, 0.542689, 0.022026]
[-0.176671, 0.52041, 0.022623]
[-0.227762, 0.512171, 0.022416]
[-0.270802, 0.485102, 0.077269]
[-0.22966, 0.504269, 0.055723]
[-0.158523, 0.527741, -0.024125]
[-0.182625, 0.510779, -0.015936]
[-0.299075, 0.485153, 0.076773]
[-0.269316, 0.501396, 0.054994]
[-0.170503, 0.496481, -0.056671]
[-0.191763, 0.492064, -0.045551]
[-0.267978, 0.508615, 0.022706]
[-0.324597, 0.485097, 0.076773]
[-0.29862, 0.500512, 0.055031]
[-0.229939, 0.505333, -0.011636]
[-0.351897, 0.484424, 0.076044]
[-0.324597, 0.499732, 0.055659]
[-0.29862, 0.507042, 0.022631]
[-0.234539, 0.488472, -0.036432]
[-0.324597, 0.506176, 0.022631]
[-0.269082, 0.50181, -0.008295]
[-0.363596, 0.483964, 0.075861]
[-0.351897, 0.498836, 0.054714]
[-0.298816, 0.500443, -0.005944]
[-0.269946, 0.485236, -0.030134]
[-0.351897, 0.504482, 0.022631]
[-0.363596, 0.498544, 0.053864]
[-0.299075, 0.485577, -0.027344]
[-0.324597, 0.499732, -0.005702]
[-0.363598, 0.504015, 0.022631]
[-0.385346, 0.488462, 0.076034]
[-0.351897, 0.498836, -0.003742]
[-0.324597, 0.485206, -0.02649]
[-0.385336, 0.499415, 0.053082]
[-0.351897, 0.484825, -0.02649]
[-0.363598, 0.484602, -0.025498]
[-0.363598, 0.498571, -0.002901]
[-0.405336, 0.490812, 0.07483]
[-0.384531, 0.487558, -0.023871]
[-0.384426, 0.499674, -0.00182]
[-0.385613, 0.504055, 0.022631]
[-0.405066, 0.500139, 0.052238]
[-0.404777, 0.503662, 0.022631]
[-0.423766, 0.500207, 0.051085]
[-0.403901, 0.490327, -0.021362]
[-0.404419, 0.499755, -0.000574]
[-0.423812, 0.491917, 0.072962]
[-0.423591, 0.502958, 0.022631]
[-0.422973, 0.491084, -0.018653]
[-0.423266, 0.499455, 0.000901]
[-0.440667, 0.499328, 0.04949]
[-0.440817, 0.488912, -0.016516]
[-0.440794, 0.497878, 0.001871]
[-0.440665, 0.492569, 0.071157]
[-0.440794, 0.501033, 0.022631]
[-0.448125, 0.498965, 0.022631]
[-0.448122, 0.492719, 0.070248]
[-0.448122, 0.488147, -0.015349]
[-0.455168, 0.495844, 0.047995]
[-0.448125, 0.498046, 0.048904]
[-0.47909, 0.483273, -0.008293]
[-0.455178, 0.487152, -0.014257]
[-0.448125, 0.495348, 0.002382]
[-0.455234, 0.496773, 0.022631]
[-0.482651, 0.488185, 0.044595]
[-0.455145, 0.49164, 0.068302]
[-0.455234, 0.493682, 0.002845]
[-0.483888, 0.488864, 0.022631]
[-0.481747, 0.485651, 0.060265]
[-0.48244, 0.487622, 0.005994]
[-0.208253, 0.0, 0.039304]
[-0.207831, 0.0, 0.050647]
[-0.210787, 0.007536, 0.040346]
[-0.209265, 0.00753, 0.050939]
[-0.205714, 0.0, 0.059089]
[-0.205993, 0.030913, 0.044797]
[-0.206478, 0.007514, 0.064816]
[-0.197383, 0.034943, 0.059049]
[-0.201076, 0.0, 0.074349]
[-0.19257, 0.028405, 0.08003]
[-0.17104, 0.039755, 0.071729]
[-0.194065, 0.0, 0.090834]
[-0.203083, 0.007505, 0.07639]
[-0.169947, 0.034936, 0.082708]
[-0.179425, 0.0, 0.111632]
[-0.19605, 0.0075, 0.092495]
[-0.148037, 0.028418, 0.080236]
[-0.186574, 0.0227, 0.096467]
[-0.180174, 0.007543, 0.113447]
[-0.145689, 0.034982, 0.065033]
[-0.152978, 0.0227, 0.096467]
[-0.179515, 0.014436, 0.10768]
[-0.16896, 0.0, 0.116147]
[-0.128957, 0.00753, 0.050939]
[-0.135456, 0.030924, 0.048889]
[-0.169609, 0.027245, 0.098765]
[-0.135986, 0.00755, 0.076424]
[-0.132366, 0.007514, 0.064559]
[-0.169081, 0.0076, 0.118745]
[-0.126427, 0.007536, 0.040346]
[-0.169319, 0.016914, 0.111631]
[-0.137061, 0.0, 0.074349]
[-0.132444, 0.0, 0.058815]
[-0.158672, 0.014436, 0.10768]
[-0.142351, 0.007706, 0.09265]
[-0.157799, 0.007542, 0.113506]
[-0.130273, 0.0, 0.050647]
[-0.143809, 0.0, 0.090834]
[-0.158493, 0.0, 0.111632]
[-0.128739, 0.0, 0.039304]
[-0.128857, 0.0, -0.01107]
[-0.134356, 0.0, -0.041993]
[-0.124966, 0.007545, -0.011577]
[-0.146214, 0.0, -0.074093]
[-0.127843, 0.007535, -0.044631]
[-0.142847, 0.007536, -0.077914]
[-0.122856, 0.020004, -0.011607]
[-0.168891, 0.0, -0.084135]
[-0.127899, 0.018418, -0.050396]
[-0.191565, 0.0, -0.074092]
[-0.194252, 0.007279, -0.076562]
[-0.16889, 0.00752, -0.090445]
[-0.139947, 0.01825, -0.080809]
[-0.122766, 0.028224, -0.052683]
[-0.207857, 0.007579, -0.044221]
[-0.19654, 0.021533, -0.080231]
[-0.117342, 0.027487, -0.010875]
[-0.169645, 0.020612, -0.095202]
[-0.136136, 0.030994, -0.086673]
[-0.203498, 0.0, -0.041991]
[-0.206866, 0.023163, -0.047535]
[-0.111025, 0.034085, -0.009819]
[-0.199454, 0.036327, -0.083594]
[-0.169399, 0.034982, -0.100715]
[-0.208092, 0.0, -0.01107]
[-0.211755, 0.007613, -0.011562]
[-0.210868, 0.02474, -0.01201]
[-0.211466, 0.037291, -0.048901]
[-0.116881, 0.03732, -0.055597]
[-0.169105, 0.056194, -0.107485]
[-0.209564, 0.0, 0.017089]
[-0.212441, 0.007536, 0.017261]
[-0.217457, 0.037292, -0.010678]
[-0.224082, 0.055431, -0.050108]
[-0.130941, 0.044191, -0.09099]
[-0.104394, 0.041095, -0.00769]
[-0.205846, 0.055041, -0.088055]
[-0.126056, 0.057947, -0.095235]
[-0.111669, 0.046176, -0.059218]
[-0.210245, 0.027537, 0.021233]
[-0.233502, 0.055992, -0.00784]
[-0.217192, 0.084774, -0.094892]
[-0.169418, 0.089642, -0.117966]
[-0.10637, 0.055397, -0.06218]
[-0.099406, 0.049424, -0.006159]
[-0.216246, 0.039241, 0.024566]
[-0.241653, 0.082435, -0.053666]
[-0.195691, 0.135158, -0.123941]
[-0.121669, 0.071949, -0.098536]
[-0.095374, 0.060232, -0.004985]
[-0.232735, 0.058139, 0.03123]
[-0.253198, 0.083332, -0.006206]
[-0.210081, 0.042219, 0.047526]
[-0.235377, 0.125544, -0.101333]
[-0.144948, 0.104482, -0.124475]
[-0.102433, 0.064453, -0.063379]
[-0.252051, 0.084858, 0.040687]
[-0.272941, 0.119428, -0.005156]
[-0.197642, 0.046515, 0.064152]
[-0.221475, 0.061611, 0.058259]
[-0.25922, 0.122072, -0.057237]
[-0.190906, 0.189195, -0.134998]
[-0.16808, 0.143371, -0.133397]
[-0.119716, 0.081482, -0.100512]
[-0.271727, 0.120025, 0.047882]
[-0.205516, 0.066203, 0.078575]
[-0.27065, 0.162557, -0.057865]
[-0.249019, 0.168299, -0.100919]
[-0.169544, 0.199928, -0.136623]
[-0.151739, 0.151041, -0.135447]
[-0.217145, 0.178465, -0.12291]
[-0.135247, 0.111104, -0.125927]
[-0.145918, 0.044643, 0.069093]
[-0.173077, 0.048951, 0.075066]
[-0.239263, 0.088896, 0.074361]
[-0.284543, 0.1603, -0.003979]
[-0.208103, 0.233903, -0.126853]
[-0.256413, 0.208134, -0.093685]
[-0.233557, 0.221275, -0.113828]
[-0.132846, 0.038689, 0.054596]
[-0.145826, 0.058314, 0.082038]
[-0.174986, 0.06856, 0.0929]
[-0.214387, 0.093437, 0.103365]
[-0.256327, 0.123141, 0.091962]
[-0.283301, 0.160977, 0.050836]
[-0.287617, 0.203407, -0.002096]
[-0.185613, 0.243193, -0.129993]
[-0.275323, 0.204036, -0.055768]
[-0.245797, 0.254338, -0.093191]
[-0.12026, 0.031544, 0.02633]
[-0.12975, 0.047761, 0.062856]
[-0.179212, 0.092834, 0.114038]
[-0.227718, 0.128882, 0.121924]
[-0.26973, 0.165028, 0.094974]
[-0.222111, 0.273012, -0.100851]
[-0.258854, 0.23647, -0.082913]
[-0.285265, 0.20496, 0.050459]
[-0.124312, 0.023905, 0.021019]
[-0.115606, 0.038021, 0.030968]
[-0.125122, 0.059293, 0.073276]
[-0.145631, 0.074521, 0.099244]
[-0.241881, 0.172925, 0.126015]
[-0.184461, 0.134439, 0.134634]
[-0.196425, 0.286608, -0.105174]
[-0.255661, 0.279227, -0.054065]
[-0.282908, 0.247765, -0.004066]
[-0.270071, 0.244018, -0.055222]
[-0.275854, 0.206621, 0.088656]
[-0.111075, 0.046551, 0.036641]
[-0.145734, 0.09425, 0.111525]
[-0.211108, 0.181526, 0.140209]
[-0.209673, 0.312915, -0.058403]
[-0.283019, 0.245008, 0.044977]
[-0.265125, 0.285176, -0.003476]
[-0.254196, 0.219694, 0.116689]
[-0.124764, 0.007537, 0.017367]
[-0.106608, 0.055633, 0.041961]
[-0.121476, 0.069841, 0.080054]
[-0.195307, 0.187193, 0.141955]
[-0.234174, 0.298094, -0.056971]
[-0.276167, 0.236936, 0.078371]
[-0.26591, 0.277932, 0.049486]
[-0.230586, 0.231243, 0.126306]
[-0.10173, 0.066755, 0.047183]
[-0.119082, 0.081525, 0.085872]
[-0.169484, 0.13986, 0.134533]
[-0.214324, 0.328158, -0.005096]
[-0.242305, 0.310096, -0.004227]
[-0.260838, 0.253854, 0.092106]
[-0.213839, 0.236647, 0.130566]
[-0.12738, 0.0, 0.017089]
[-0.143169, 0.107022, 0.11498]
[-0.24291, 0.298226, 0.052727]
[-0.220507, 0.312915, 0.055026]
[-0.240659, 0.269227, 0.100413]
[-0.221969, 0.282039, 0.103336]
[0.128857, -0.0, -0.01107]
[0.124966, 0.007545, -0.011577]
[0.134356, -0.0, -0.041993]
[0.122856, 0.020004, -0.011607]
[0.127843, 0.007535, -0.044631]
[0.122766, 0.028224, -0.052683]
[0.127899, 0.018418, -0.050396]
[0.142847, 0.007536, -0.077914]
[0.146214, -0.0, -0.074093]
[0.139947, 0.01825, -0.080809]
[0.168891, -0.0, -0.084135]
[0.117342, 0.027487, -0.010875]
[0.136136, 0.030994, -0.086673]
[0.169645, 0.020612, -0.095202]
[0.16889, 0.00752, -0.090445]
[0.111025, 0.034085, -0.009819]
[0.169399, 0.034982, -0.100715]
[0.19654, 0.021533, -0.080231]
[0.194252, 0.007279, -0.076562]
[0.191565, -0.0, -0.074092]
[0.104394, 0.041095, -0.00769]
[0.116881, 0.03732, -0.055597]
[0.199454, 0.036327, -0.083594]
[0.207857, 0.007579, -0.044221]
[0.203498, -0.0, -0.041991]
[0.111669, 0.046176, -0.059218]
[0.130941, 0.044191, -0.09099]
[0.169105, 0.056194, -0.107485]
[0.211466, 0.037291, -0.048901]
[0.206866, 0.023163, -0.047535]
[0.211755, 0.007613, -0.011562]
[0.099406, 0.049424, -0.006159]
[0.126056, 0.057947, -0.095235]
[0.210868, 0.02474, -0.01201]
[0.205846, 0.055041, -0.088055]
[0.208092, -0.0, -0.01107]
[0.095374, 0.060232, -0.004985]
[0.10637, 0.055397, -0.06218]
[0.217457, 0.037292, -0.010678]
[0.210245, 0.027537, 0.021233]
[0.169418, 0.089642, -0.117966]
[0.217192, 0.084774, -0.094892]
[0.224082, 0.055431, -0.050108]
[0.212441, 0.007536, 0.017261]
[0.102433, 0.064453, -0.063379]
[0.121669, 0.071949, -0.098536]
[0.233502, 0.055992, -0.00784]
[0.216246, 0.039241, 0.024566]
[0.235377, 0.125544, -0.101333]
[0.241653, 0.082435, -0.053666]
[0.209564, -0.0, 0.017089]
[0.119716, 0.081482, -0.100512]
[0.195691, 0.135158, -0.123941]
[0.232735, 0.058139, 0.03123]
[0.205993, 0.030913, 0.044797]
[0.25922, 0.122072, -0.057237]
[0.253198, 0.083332, -0.006206]
[0.210787, 0.007536, 0.040346]
[0.208253, -0.0, 0.039304]
[0.144948, 0.104482, -0.124475]
[0.16808, 0.143371, -0.133397]
[0.190906, 0.189195, -0.134998]
[0.210081, 0.042219, 0.047526]
[0.249019, 0.168299, -0.100919]
[0.272941, 0.119428, -0.005156]
[0.135247, 0.111104, -0.125927]
[0.151739, 0.151041, -0.135447]
[0.169544, 0.199928, -0.136623]
[0.217145, 0.178465, -0.12291]
[0.221475, 0.061611, 0.058259]
[0.197383, 0.034943, 0.059049]
[0.252051, 0.084858, 0.040687]
[0.27065, 0.162557, -0.057865]
[0.208103, 0.233903, -0.126853]
[0.197642, 0.046515, 0.064152]
[0.271727, 0.120025, 0.047882]
[0.233557, 0.221275, -0.113828]
[0.256413, 0.208134, -0.093685]
[0.275323, 0.204036, -0.055768]
[0.185613, 0.243193, -0.129993]
[0.17104, 0.039755, 0.071729]
[0.239263, 0.088896, 0.074361]
[0.205516, 0.066203, 0.078575]
[0.284543, 0.1603, -0.003979]
[0.245797, 0.254338, -0.093191]
[0.258854, 0.23647, -0.082913]
[0.222111, 0.273012, -0.100851]
[0.145918, 0.044643, 0.069093]
[0.145689, 0.034982, 0.065033]
[0.214387, 0.093437, 0.103365]
[0.173077, 0.048951, 0.075066]
[0.256327, 0.123141, 0.091962]
[0.287617, 0.203407, -0.002096]
[0.283301, 0.160977, 0.050836]
[0.270071, 0.244018, -0.055222]
[0.196425, 0.286608, -0.105174]
[0.132846, 0.038689, 0.054596]
[0.135456, 0.030924, 0.048889]
[0.174986, 0.06856, 0.0929]
[0.285265, 0.20496, 0.050459]
[0.26973, 0.165028, 0.094974]
[0.227718, 0.128882, 0.121924]
[0.255661, 0.279227, -0.054065]
[0.282908, 0.247765, -0.004066]
[0.209673, 0.312915, -0.058403]
[0.12026, 0.031544, 0.02633]
[0.124312, 0.023905, 0.021019]
[0.12975, 0.047761, 0.062856]
[0.179212, 0.092834, 0.114038]
[0.145826, 0.058314, 0.082038]
[0.275854, 0.206621, 0.088656]
[0.241881, 0.172925, 0.126015]
[0.265125, 0.285176, -0.003476]
[0.283019, 0.245008, 0.044977]
[0.234174, 0.298094, -0.056971]
[0.184461, 0.134439, 0.134634]
[0.145631, 0.074521, 0.099244]
[0.111075, 0.046551, 0.036641]
[0.115606, 0.038021, 0.030968]
[0.254196, 0.219694, 0.116689]
[0.242305, 0.310096, -0.004227]
[0.24291, 0.298226, 0.052727]
[0.26591, 0.277932, 0.049486]
[0.276167, 0.236936, 0.078371]
[0.214324, 0.328158, -0.005096]
[0.126427, 0.007536, 0.040346]
[0.124764, 0.007537, 0.017367]
[0.195307, 0.187193, 0.141955]
[0.169484, 0.13986, 0.134533]
[0.125122, 0.059293, 0.073276]
[0.230586, 0.231243, 0.126306]
[0.240659, 0.269227, 0.100413]
[0.260838, 0.253854, 0.092106]
[0.220507, 0.312915, 0.055026]
[0.128739, -0.0, 0.039304]
[0.211108, 0.181526, 0.140209]
[0.143169, 0.107022, 0.11498]
[0.145734, 0.09425, 0.111525]
[0.106608, 0.055633, 0.041961]
[0.221969, 0.282039, 0.103336]
[0.12738, -0.0, 0.017089]
[0.213839, 0.236647, 0.130566]
[0.119082, 0.081525, 0.085872]
[0.121476, 0.069841, 0.080054]
[0.10173, 0.066755, 0.047183]
[0.207831, -0.0, 0.050647]
[0.209265, 0.00753, 0.050939]
[0.205714, -0.0, 0.059089]
[0.206478, 0.007514, 0.064816]
[0.201076, -0.0, 0.074349]
[0.19257, 0.028405, 0.08003]
[0.203083, 0.007505, 0.07639]
[0.194065, -0.0, 0.090834]
[0.169947, 0.034936, 0.082708]
[0.19605, 0.0075, 0.092495]
[0.179425, -0.0, 0.111632]
[0.148037, 0.028418, 0.080236]
[0.186574, 0.0227, 0.096467]
[0.180174, 0.007543, 0.113447]
[0.152978, 0.0227, 0.096467]
[0.179515, 0.014436, 0.10768]
[0.16896, -0.0, 0.116147]
[0.128957, 0.00753, 0.050939]
[0.169609, 0.027245, 0.098765]
[0.135986, 0.00755, 0.076424]
[0.169319, 0.016914, 0.111631]
[0.169081, 0.0076, 0.118745]
[0.132366, 0.007514, 0.064559]
[0.142351, 0.007706, 0.09265]
[0.158672, 0.014436, 0.10768]
[0.157799, 0.007542, 0.113506]
[0.158493, -0.0, 0.111632]
[0.132445, -0.0, 0.058815]
[0.137061, -0.0, 0.074349]
[0.130273, -0.0, 0.050647]
[0.143809, -0.0, 0.090834]
[0.410563, 0.427764, 0.078684]
[0.406131, 0.41894, 0.073502]
[0.411963, 0.431434, 0.076821]
[0.406192, 0.419262, 0.067986]
[0.395846, 0.410931, 0.071976]
[0.409179, 0.450781, 0.060964]
[0.397911, 0.411886, 0.076567]
[0.387995, 0.41448, 0.043262]
[0.401358, 0.420213, 0.041555]
[0.386403, 0.411129, 0.083622]
[0.37389, 0.416161, 0.069365]
[0.390279, 0.4107, 0.085372]
[0.371648, 0.425734, 0.082466]
[0.403111, 0.418805, 0.089514]
[0.388135, 0.417291, 0.094481]
[0.38383, 0.418353, 0.094893]
[0.400393, 0.433258, 0.095659]
[0.392168, 0.427314, 0.098664]
[0.377652, 0.441381, 0.09209]
[0.407797, 0.433291, 0.087916]
[0.388333, 0.430682, 0.100019]
[0.397878, 0.437695, 0.097028]
[0.390741, 0.450713, 0.091224]
[0.406806, 0.437553, 0.08819]
[0.405582, 0.455361, 0.083677]
[0.389877, 0.412138, 0.084428]
[0.396654, 0.412958, 0.076104]
[0.398958, 0.409453, 0.089977]
[0.404198, 0.410088, 0.083542]
[0.404124, 0.42008, 0.073044]
[0.406717, 0.407454, 0.094622]
[0.407909, 0.429331, 0.077039]
[0.409974, 0.415595, 0.081176]
[0.410533, 0.407916, 0.089935]
[0.4129, 0.422747, 0.084265]
[0.414716, 0.407327, 0.094757]
[0.405795, 0.435292, 0.08575]
[0.414739, 0.411927, 0.088211]
[0.412595, 0.407416, 0.097701]
[0.411264, 0.427355, 0.090999]
[0.416872, 0.417136, 0.090461]
[0.417134, 0.409946, 0.094074]
[0.417253, 0.409557, 0.099487]
[0.399019, 0.434469, 0.094073]
[0.415681, 0.420494, 0.095367]
[0.418668, 0.413078, 0.095085]
[0.406027, 0.42672, 0.097435]
[0.417665, 0.414795, 0.098122]
[0.391549, 0.427347, 0.097133]
[0.411864, 0.42003, 0.100054]
[0.415544, 0.414881, 0.101066]
[0.400251, 0.421216, 0.099801]
[0.413126, 0.412262, 0.101749]
[0.407657, 0.416019, 0.101777]
[0.387764, 0.418097, 0.093138]
[0.411592, 0.409133, 0.100738]
[0.397325, 0.414063, 0.096712]
[0.405526, 0.410809, 0.099527]
[0.201778, 0.458008, -0.057627]
[0.215821, 0.427231, -0.041606]
[0.240539, 0.460355, -0.046434]
[0.247929, 0.431104, -0.034212]
[0.224457, 0.410393, -0.005011]
[0.274297, 0.459745, -0.040138]
[0.224595, 0.410078, 0.048095]
[0.214724, 0.426931, 0.082378]
[0.251362, 0.414937, -0.003932]
[0.276931, 0.433974, -0.029934]
[0.247482, 0.431297, 0.075765]
[0.240688, 0.458539, 0.087632]
[0.251138, 0.415359, 0.047461]
[0.299075, 0.459834, -0.037165]
[0.201045, 0.45784, 0.095535]
[0.278376, 0.417652, -0.002163]
[0.276761, 0.433697, 0.073643]
[0.273997, 0.459468, 0.083582]
[0.299128, 0.433946, -0.029453]
[0.299075, 0.459382, 0.082427]
[0.278219, 0.417304, 0.047461]
[0.324597, 0.459793, -0.03637]
[0.299075, 0.433746, 0.073664]
[0.299075, 0.417779, -0.00075]
[0.324597, 0.433987, -0.029592]
[0.324597, 0.433779, 0.073664]
[0.324597, 0.459443, 0.082602]
[0.299075, 0.417416, 0.047461]
[0.35178, 0.459778, -0.035273]
[0.324597, 0.417843, -0.00075]
[0.351897, 0.433621, 0.073664]
[0.324597, 0.417502, 0.047461]
[0.363713, 0.435996, -0.029633]
[0.351897, 0.433969, -0.029592]
[0.351897, 0.45941, 0.083849]
[0.351897, 0.417472, 0.047461]
[0.363482, 0.459679, -0.03442]
[0.382958, 0.439298, -0.030481]
[0.363598, 0.417551, -0.000749]
[0.363598, 0.458485, 0.084611]
[0.351897, 0.417385, -0.000749]
[0.382908, 0.46496, -0.035286]
[0.405328, 0.447159, -0.029711]
[0.371676, 0.426654, -0.021541]
[0.36321, 0.432026, 0.075576]
[0.363598, 0.417551, 0.047461]
[0.402946, 0.471084, -0.033993]
[0.420149, 0.458084, -0.027379]
[0.396522, 0.428013, -0.02117]
[0.385082, 0.426207, -0.021386]
[0.371676, 0.416088, -6e-06]
[0.386593, 0.467345, 0.089842]
[0.371394, 0.414823, 0.046584]
[0.42193, 0.475539, -0.03005]
[0.405834, 0.440581, 0.000737]
[0.386872, 0.414624, -0.000138]
[0.40558, 0.472166, 0.089028]
[0.36832, 0.419379, 0.064586]
[0.440792, 0.465026, -0.020971]
[0.420604, 0.456286, 0.001745]
[0.420505, 0.457634, 0.028103]
[0.401843, 0.418808, -0.000138]
[0.421569, 0.459158, 0.078033]
[0.423713, 0.475686, 0.084514]
[0.440682, 0.477619, -0.024921]
[0.420835, 0.458361, 0.057237]
[0.406758, 0.440489, 0.034422]
[0.440794, 0.463448, 0.025293]
[0.440794, 0.464594, 0.071396]
[0.440659, 0.477616, 0.079405]
[0.448186, 0.477581, -0.02252]
[0.440794, 0.462912, 0.002461]
[0.440794, 0.463949, 0.05155]
[0.447992, 0.47766, 0.076745]
[0.448122, 0.466204, -0.018792]
[0.448125, 0.462976, 0.003122]
[0.448122, 0.463789, 0.049842]
[0.448048, 0.465104, 0.069296]
[0.455122, 0.47739, -0.019833]
[0.448122, 0.463634, 0.02467]
[0.45512, 0.477502, 0.07408]
[0.480974, 0.477256, -0.011407]
[0.455122, 0.46611, -0.016537]
[0.455234, 0.463334, 0.003977]
[0.455234, 0.463563, 0.049071]
[0.455074, 0.465272, 0.067032]
[0.478396, 0.463895, -0.009367]
[0.478285, 0.464896, 0.059421]
[0.455234, 0.463908, 0.024478]
[0.48627, 0.477256, 0.006891]
[0.481259, 0.464416, 0.006777]
[0.480573, 0.464609, 0.045839]
[0.484505, 0.477243, 0.061416]
[0.488346, 0.477256, 0.022668]
[0.482633, 0.464957, 0.023174]
[0.48736, 0.477256, 0.044994]
[0.0, 0.291887, -0.208997]
[-0.0, 0.274823, -0.200985]
[-0.018736, 0.298117, -0.207484]
[-0.0, 0.242994, -0.216898]
[-0.027748, 0.277048, -0.194519]
[-0.0, 0.218503, -0.238404]
[-0.034295, 0.239536, -0.213926]
[-0.032973, 0.213561, -0.236708]
[-0.082636, 0.255118, -0.189364]
[-0.0, 0.197243, -0.262313]
[-0.073429, 0.222556, -0.208288]
[-0.089163, 0.286649, -0.179292]
[-0.029115, 0.192169, -0.260215]
[-0.065769, 0.198477, -0.228289]
[-0.094538, 0.173844, -0.20816]
[-0.121455, 0.232149, -0.173005]
[-0.024821, 0.1748, -0.285318]
[-0.106904, 0.195739, -0.186532]
[-0.13197, 0.270065, -0.158912]
[-0.0, 0.179428, -0.286619]
[-0.055985, 0.178837, -0.250868]
[-0.078779, 0.157597, -0.234662]
[-0.159811, 0.205663, -0.144733]
[-0.137937, 0.313593, -0.145477]
[-0.020458, 0.16046, -0.31367]
[-0.046819, 0.163178, -0.278282]
[-0.113138, 0.139806, -0.179714]
[-0.064423, 0.145016, -0.266055]
[-0.142009, 0.156348, -0.142597]
[-0.176051, 0.249956, -0.136012]
[-0.0, 0.164095, -0.314856]
[-0.038347, 0.150725, -0.308691]
[-0.093302, 0.129294, -0.211362]
[-0.052173, 0.135653, -0.300238]
[-0.187697, 0.294742, -0.109049]
[-0.016648, 0.148256, -0.343662]
[-0.110319, 0.10665, -0.152427]
[-0.127776, 0.112081, -0.13142]
[-0.074655, 0.121779, -0.24865]
[-0.030531, 0.140514, -0.340416]
[-0.04134, 0.128192, -0.335229]
[-0.04659, 0.112902, -0.328399]
[-0.202615, 0.324368, -0.060202]
[-0.0, 0.151091, -0.344602]
[-0.094797, 0.075149, -0.120242]
[-0.092143, 0.098955, -0.179492]
[-0.059497, 0.116675, -0.288768]
[-0.023297, 0.131555, -0.372128]
[-0.03142, 0.121781, -0.369278]
[-0.210283, 0.337396, -0.004635]
[-0.012643, 0.137488, -0.374068]
[-0.092895, 0.061944, -0.063698]
[-0.113048, 0.081015, -0.107572]
[-0.073879, 0.068266, -0.134233]
[-0.074407, 0.096578, -0.225472]
[-0.044897, 0.096796, -0.320832]
[-0.034693, 0.109942, -0.366052]
[-0.0, 0.139265, -0.374876]
[-0.015626, 0.122701, -0.403466]
[-0.078765, 0.058085, -0.063396]
[-0.060898, 0.053121, -0.062856]
[-0.057984, 0.096453, -0.27541]
[-0.05844, 0.073659, -0.202731]
[-0.022858, 0.107918, -0.400588]
[-0.032968, 0.097561, -0.362806]
[-0.215489, 0.323037, 0.054948]
[-0.0, 0.127574, -0.4048]
[-0.008898, 0.126859, -0.404597]
[-0.020796, 0.116122, -0.402186]
[-0.087341, 0.058186, -0.002872]
[-0.033222, 0.04652, -0.0613]
[-0.055567, 0.049832, 0.00598]
[-0.035342, 0.082668, -0.314696]
[-0.045533, 0.077996, -0.262255]
[-0.02978, 0.060787, -0.194009]
[-0.033905, 0.05382, -0.131592]
[-0.021348, 0.099611, -0.3991]
[-0.216089, 0.292224, 0.106514]
[-0.004512, 0.11644, -0.43289]
[-0.008931, 0.114633, -0.429026]
[-0.074592, 0.054402, 0.00123]
[-0.025639, 0.086915, -0.359532]
[-0.024121, 0.066852, -0.256322]
[-0.010288, 0.10311, -0.432844]
[-0.0, 0.116619, -0.434165]
[-0.010234, 0.110931, -0.432857]
[-0.0, 0.056131, -0.191089]
[-0.0, 0.048549, -0.128648]
[-0.034011, 0.045998, 0.01006]
[-0.060286, 0.055008, 0.069308]
[-0.093628, 0.062684, 0.053835]
[-0.017329, 0.092289, -0.397482]
[-0.013797, 0.080059, -0.35765]
[-0.01909, 0.073653, -0.312115]
[-0.0, 0.062362, -0.254737]
[-0.207729, 0.24014, 0.140148]
[-0.0, 0.111133, -0.440378]
[-0.005445, 0.111142, -0.438549]
[-0.010772, 0.106998, -0.434853]
[-0.035424, 0.05125, 0.075646]
[-0.079705, 0.058922, 0.061604]
[-0.11448, 0.079115, 0.093287]
[-0.008562, 0.099342, -0.428645]
[-0.0, 0.077806, -0.357063]
[-0.0, 0.06955, -0.310944]
[-0.191093, 0.299344, 0.156201]
[-0.0, 0.106981, -0.442976]
[-0.005838, 0.106968, -0.440853]
[-0.0, 0.042981, 0.011967]
[-0.05639, 0.073617, 0.132318]
[-0.100877, 0.077982, 0.107567]
[-0.00542, 0.102767, -0.438478]
[-0.009403, 0.087696, -0.39657]
[-0.192511, 0.187597, 0.147778]
[-0.0, 0.102779, -0.440339]
[-0.0, 0.043114, -0.059883]
[-0.0, 0.086368, -0.396235]
[-0.004699, 0.097482, -0.432519]
[-0.193193, 0.243552, 0.164691]
[-0.157096, 0.302308, 0.199969]
[-0.167754, 0.14043, 0.138328]
[-0.0, 0.097343, -0.434165]
[-0.081695, 0.075395, 0.121052]
[-0.155598, 0.24376, 0.203246]
[-0.140267, 0.107546, 0.119209]
[-0.178184, 0.186777, 0.167022]
[-0.073485, 0.099439, 0.16282]
[-0.124078, 0.105316, 0.134916]
[-0.154084, 0.141531, 0.156044]
[-0.101224, 0.102955, 0.148701]
[-0.145962, 0.18535, 0.192246]
[-0.109631, 0.242348, 0.233872]
[-0.08821, 0.134162, 0.193421]
[-0.126467, 0.138088, 0.174808]
[-0.10297, 0.182013, 0.217984]
[0.018736, 0.298117, -0.207484]
[0.027748, 0.277048, -0.194519]
[0.034295, 0.239536, -0.213926]
[0.032973, 0.213561, -0.236708]
[0.082636, 0.255118, -0.189364]
[0.073429, 0.222556, -0.208288]
[0.029115, 0.192169, -0.260215]
[0.089163, 0.286649, -0.179292]
[0.106904, 0.195739, -0.186532]
[0.094538, 0.173844, -0.20816]
[0.024821, 0.1748, -0.285318]
[0.065769, 0.198477, -0.228289]
[0.121455, 0.232149, -0.173005]
[0.020458, 0.16046, -0.31367]
[0.055985, 0.178837, -0.250868]
[0.137937, 0.313593, -0.145477]
[0.13197, 0.270065, -0.158912]
[0.159811, 0.205663, -0.144733]
[0.078779, 0.157597, -0.234662]
[0.016648, 0.148256, -0.343662]
[0.046819, 0.163178, -0.278282]
[0.176051, 0.249956, -0.136012]
[0.142009, 0.156348, -0.142597]
[0.113138, 0.139806, -0.179714]
[0.064423, 0.145016, -0.266055]
[0.012643, 0.137488, -0.374068]
[0.030531, 0.140514, -0.340416]
[0.038347, 0.150725, -0.308691]
[0.187697, 0.294742, -0.109049]
[0.093302, 0.129294, -0.211362]
[0.052173, 0.135653, -0.300238]
[0.008898, 0.126859, -0.404597]
[0.023297, 0.131555, -0.372128]
[0.202615, 0.324368, -0.060202]
[0.127776, 0.112081, -0.13142]
[0.110319, 0.10665, -0.152427]
[0.092143, 0.098955, -0.179492]
[0.074655, 0.121779, -0.24865]
[0.04659, 0.112902, -0.328399]
[0.04134, 0.128192, -0.335229]
[0.015626, 0.122701, -0.403466]
[0.094797, 0.075149, -0.120242]
[0.073879, 0.068266, -0.134233]
[0.059497, 0.116675, -0.288768]
[0.074407, 0.096578, -0.225472]
[0.03142, 0.121781, -0.369278]
[0.004512, 0.11644, -0.43289]
[0.020796, 0.116122, -0.402186]
[0.210283, 0.337396, -0.004635]
[0.113048, 0.081015, -0.107572]
[0.060898, 0.053121, -0.062856]
[0.044897, 0.096796, -0.320832]
[0.057984, 0.096453, -0.27541]
[0.05844, 0.073659, -0.202731]
[0.034693, 0.109942, -0.366052]
[0.008931, 0.114633, -0.429026]
[0.215489, 0.323037, 0.054948]
[0.092895, 0.061944, -0.063698]
[0.078765, 0.058085, -0.063396]
[0.032968, 0.097561, -0.362806]
[0.035342, 0.082668, -0.314696]
[0.045533, 0.077996, -0.262255]
[0.02978, 0.060787, -0.194009]
[0.022858, 0.107918, -0.400588]
[0.005445, 0.111142, -0.438549]
[0.010234, 0.110931, -0.432857]
[0.087341, 0.058186, -0.002872]
[0.074592, 0.054402, 0.00123]
[0.021348, 0.099611, -0.3991]
[0.025639, 0.086915, -0.359532]
[0.024121, 0.066852, -0.256322]
[0.033905, 0.05382, -0.131592]
[0.010772, 0.106998, -0.434853]
[0.216089, 0.292224, 0.106514]
[0.093628, 0.062684, 0.053835]
[0.079705, 0.058922, 0.061604]
[0.010288, 0.10311, -0.432844]
[0.017329, 0.092289, -0.397482]
[0.013797, 0.080059, -0.35765]
[0.01909, 0.073653, -0.312115]
[0.005838, 0.106968, -0.440853]
[0.191093, 0.299344, 0.156201]
[0.055567, 0.049832, 0.00598]
[0.033222, 0.04652, -0.0613]
[0.008562, 0.099342, -0.428645]
[0.009403, 0.087696, -0.39657]
[0.00542, 0.102767, -0.438478]
[0.207729, 0.24014, 0.140148]
[0.034011, 0.045998, 0.01006]
[0.11448, 0.079115, 0.093287]
[0.004699, 0.097482, -0.432519]
[0.157096, 0.302308, 0.199969]
[0.193193, 0.243552, 0.164691]
[0.060286, 0.055008, 0.069308]
[0.192511, 0.187597, 0.147778]
[0.155598, 0.24376, 0.203246]
[0.100877, 0.077982, 0.107567]
[0.140267, 0.107546, 0.119209]
[0.178184, 0.186777, 0.167022]
[0.167754, 0.14043, 0.138328]
[0.124078, 0.105316, 0.134916]
[0.05639, 0.073617, 0.132318]
[0.035424, 0.05125, 0.075646]
[0.109631, 0.242348, 0.233872]
[0.145962, 0.18535, 0.192246]
[0.154084, 0.141531, 0.156044]
[0.101224, 0.102955, 0.148701]
[0.081695, 0.075395, 0.121052]
[0.10297, 0.182013, 0.217984]
[0.126467, 0.138088, 0.174808]
[0.073485, 0.099439, 0.16282]
[0.08821, 0.134162, 0.193421]
[-0.168902, 0.0, 0.017483]
[-0.168902, 0.0, -0.011625]
[-0.168901, 0.0, 0.039304]
[-0.1689, 0.0, 0.050154]
[-0.168901, 0.0, -0.041706]
[-0.168878, 0.0, 0.058588]
[-0.168865, 0.0, 0.074349]
[-0.168917, 0.0, 0.090834]
[0.168901, -0.0, -0.041706]
[0.168902, -0.0, -0.011625]
[0.168902, -0.0, 0.017483]
[0.168901, -0.0, 0.039304]
[0.1689, -0.0, 0.050154]
[0.168879, -0.0, 0.058588]
[0.168865, -0.0, 0.074349]
[0.168917, -0.0, 0.090834]
[0.47909, 0.483273, -0.008293]
[0.455178, 0.487152, -0.014257]
[0.483888, 0.488864, 0.022631]
[0.448122, 0.488147, -0.015349]
[0.455234, 0.493682, 0.002845]
[0.48244, 0.487622, 0.005994]
[0.482651, 0.488185, 0.044595]
[0.448125, 0.495348, 0.002382]
[0.455234, 0.496773, 0.022631]
[0.440817, 0.488912, -0.016516]
[0.440794, 0.497878, 0.001871]
[0.448125, 0.498965, 0.022631]
[0.455168, 0.495844, 0.047995]
[0.481747, 0.485651, 0.060265]
[0.423266, 0.499455, 0.000901]
[0.448125, 0.498046, 0.048904]
[0.422974, 0.491084, -0.018653]
[0.423591, 0.502958, 0.022631]
[0.440794, 0.501033, 0.022631]
[0.455145, 0.49164, 0.068302]
[0.440667, 0.499328, 0.04949]
[0.404419, 0.499755, -0.000574]
[0.448122, 0.492719, 0.070248]
[0.403901, 0.490327, -0.021362]
[0.404777, 0.503662, 0.022631]
[0.423766, 0.500207, 0.051085]
[0.384531, 0.487558, -0.023871]
[0.384426, 0.499674, -0.00182]
[0.405066, 0.500139, 0.052238]
[0.440665, 0.492569, 0.071157]
[0.363598, 0.484602, -0.025498]
[0.385613, 0.504055, 0.022631]
[0.423812, 0.491917, 0.072962]
[0.351897, 0.484825, -0.02649]
[0.363598, 0.498571, -0.002901]
[0.385336, 0.499415, 0.053082]
[0.405336, 0.490812, 0.07483]
[0.351897, 0.498836, -0.003742]
[0.363598, 0.504015, 0.022631]
[0.324597, 0.485206, -0.02649]
[0.351897, 0.504482, 0.022631]
[0.385346, 0.488462, 0.076034]
[0.299075, 0.485577, -0.027344]
[0.324597, 0.499732, -0.005702]
[0.351897, 0.498836, 0.054714]
[0.363596, 0.498544, 0.053864]
[0.298816, 0.500443, -0.005944]
[0.324597, 0.506176, 0.022631]
[0.363596, 0.483964, 0.075861]
[0.269083, 0.50181, -0.008295]
[0.29862, 0.500512, 0.055031]
[0.324597, 0.499732, 0.055659]
[0.351897, 0.484424, 0.076044]
[0.269946, 0.485236, -0.030134]
[0.267978, 0.508615, 0.022706]
[0.29862, 0.507042, 0.022631]
[0.299075, 0.485153, 0.076773]
[0.324597, 0.485097, 0.076773]
[0.234539, 0.488472, -0.036432]
[0.269316, 0.501396, 0.054994]
[0.191763, 0.492064, -0.045551]
[0.229939, 0.505333, -0.011636]
[0.270802, 0.485102, 0.077269]
[0.182625, 0.510779, -0.015936]
[0.22966, 0.504269, 0.055723]
[0.227762, 0.512171, 0.022416]
[0.233902, 0.486179, 0.080502]
[0.176671, 0.52041, 0.022623]
[0.180375, 0.50897, 0.062201]
[0.188275, 0.489806, 0.087319]
[-0.101463, 0.698967, 0.112862]
[-0.129121, 0.801035, 0.140117]
[-0.141894, 0.823389, 0.110105]
[-0.118065, 0.773918, 0.167438]
[-0.153621, 0.821891, 0.086115]
[-0.112202, 0.75108, 0.187965]
[-0.166242, 0.811004, 0.063449]
[-0.101612, 0.722086, 0.214616]
[-0.173634, 0.779808, 0.048541]
[-0.104081, 0.705503, 0.217931]
[-0.179889, 0.760428, 0.040052]
[-0.110927, 0.684647, 0.218794]
[-0.186145, 0.741045, 0.031563]
[-0.128166, 0.665322, 0.190797]
[-0.19681, 0.706671, 0.017476]
[-0.137708, 0.654738, 0.170876]
[-0.200371, 0.675396, 0.016179]
[-0.149359, 0.643832, 0.144039]
[-0.195907, 0.661622, 0.032206]
[-0.157859, 0.63752, 0.124148]
[-0.189429, 0.649417, 0.053437]
[-0.168829, 0.633047, 0.100817]
[-0.184154, 0.641563, 0.06666]
[-0.178879, 0.633707, 0.079883]
[0.101463, 0.698967, 0.112862]
[0.141894, 0.823389, 0.110105]
[0.129121, 0.801035, 0.140117]
[0.153621, 0.821891, 0.086115]
[0.118065, 0.773918, 0.167438]
[0.166242, 0.811004, 0.063449]
[0.112202, 0.75108, 0.187965]
[0.173634, 0.779808, 0.048541]
[0.101612, 0.722086, 0.214616]
[0.179889, 0.760428, 0.040052]
[0.104081, 0.705503, 0.217931]
[0.186145, 0.741045, 0.031563]
[0.110927, 0.684647, 0.218794]
[0.19681, 0.706671, 0.017476]
[0.128166, 0.665322, 0.190797]
[0.200371, 0.675396, 0.016179]
[0.137708, 0.654738, 0.170876]
[0.195907, 0.661622, 0.032206]
[0.149359, 0.643832, 0.144039]
[0.189429, 0.649417, 0.053437]
[0.157859, 0.63752, 0.124148]
[0.184154, 0.641563, 0.06666]
[0.168828, 0.633047, 0.100817]
[0.178879, 0.633707, 0.079883]
[-0.318831, 0.689872, -0.151617]
[-0.292036, 0.722439, -0.155819]
[-0.29005, 0.694403, -0.149878]
[-0.318524, 0.727461, -0.153911]
[-0.280401, 0.658297, -0.131666]
[-0.327957, 0.719927, -0.131312]
[-0.304546, 0.640578, -0.128371]
[-0.327604, 0.696097, -0.129587]
[-0.315918, 0.653491, -0.113766]
[-0.300352, 0.747479, -0.134609]
[-0.279372, 0.738096, -0.144601]
[-0.29001, 0.637995, -0.107149]
[-0.260645, 0.661149, -0.112253]
[-0.309776, 0.70706, -0.104219]
[-0.279705, 0.762518, -0.111132]
[-0.258384, 0.752615, -0.122349]
[-0.252194, 0.629036, -0.092885]
[-0.313329, 0.737347, -0.1141]
[-0.303037, 0.656598, -0.094704]
[-0.262255, 0.78155, -0.090943]
[-0.235107, 0.772607, -0.101214]
[-0.280787, 0.621134, -0.090254]
[-0.245975, 0.599569, -0.07429]
[-0.289268, 0.721103, -0.078394]
[-0.294737, 0.753239, -0.091591]
[-0.293304, 0.631276, -0.073652]
[-0.282197, 0.682145, -0.066048]
[-0.247213, 0.809663, -0.074443]
[-0.277782, 0.772254, -0.073618]
[-0.265003, 0.799252, -0.056914]
[-0.272407, 0.593011, -0.070654]
[-0.240812, 0.571881, -0.055297]
[-0.264107, 0.702912, -0.041887]
[-0.274767, 0.647032, -0.049118]
[-0.257752, 0.662008, -0.024491]
[-0.218083, 0.802736, -0.094299]
[-0.255534, 0.765043, -0.038632]
[-0.253903, 0.826907, -0.03909]
[-0.240983, 0.794715, -0.018185]
[-0.273093, 0.740799, -0.05718]
[-0.285394, 0.600911, -0.055301]
[-0.264437, 0.567083, -0.053103]
[-0.236652, 0.556247, -0.041561]
[-0.241979, 0.673793, -0.010395]
[-0.268813, 0.614715, -0.029393]
[-0.233897, 0.645325, 0.016638]
[-0.249372, 0.625028, 0.001884]
[-0.239108, 0.837136, -0.064019]
[-0.205675, 0.850255, -0.097367]
[-0.228781, 0.767235, -0.003335]
[-0.23976, 0.837601, -0.014381]
[-0.218701, 0.797326, 0.012779]
[-0.230223, 0.819658, -0.002031]
[-0.243619, 0.72549, -0.018453]
[-0.278023, 0.575719, -0.037963]
[-0.256329, 0.550022, -0.03512]
[-0.235135, 0.610806, 0.036199]
[-0.266944, 0.587883, -0.0157]
[-0.254432, 0.593994, 0.010761]
[-0.221493, 0.84853, 0.015034]
[-0.233742, 0.86633, -0.003133]
[-0.207265, 0.77611, 0.027985]
[-0.210905, 0.824873, 0.029609]
[-0.198298, 0.806635, 0.042602]
[-0.220105, 0.717464, 0.005601]
[-0.220924, 0.677994, 0.004969]
[-0.2708, 0.561185, -0.023904]
[-0.246201, 0.552676, -0.0128]
[-0.242448, 0.594454, 0.038579]
[-0.224061, 0.629679, 0.043656]
[-0.225933, 0.600113, 0.063478]
[-0.204264, 0.883435, 0.030587]
[-0.218854, 0.902416, 0.00952]
[-0.213537, 0.751007, 0.017375]
[-0.195867, 0.857275, 0.05045]
[-0.189633, 0.829564, 0.060151]
[-0.216099, 0.659643, 0.026057]
[-0.21708, 0.56101, -0.019486]
[-0.264018, 0.564246, -0.007202]
[-0.238221, 0.578688, 0.065202]
[-0.255072, 0.572788, 0.016908]
[-0.248513, 0.57882, 0.03973]
[-0.171903, 0.926394, 0.033762]
[-0.192507, 0.93841, 0.00717]
[-0.169667, 0.892947, 0.081179]
[-0.174965, 0.840692, 0.087724]
[-0.214315, 0.618553, 0.064885]
[-0.209206, 0.644212, 0.052164]
[-0.238581, 0.560555, 0.010832]
[-0.20317, 0.56423, 0.002418]
[-0.244068, 0.562828, 0.064825]
[-0.216275, 0.593641, 0.088572]
[-0.228985, 0.567423, 0.088148]
[-0.142763, 0.947839, -0.033682]
[-0.166758, 0.956099, -0.041549]
[-0.132281, 0.92614, 0.08966]
[-0.148671, 0.878807, 0.133797]
[-0.203571, 0.635576, 0.06781]
[-0.206175, 0.612663, 0.087056]
[-0.197935, 0.626938, 0.083457]
[-0.198704, 0.565257, 0.02475]
[-0.232776, 0.56594, 0.035362]
[-0.212836, 0.573245, 0.117074]
[-0.237969, 0.539102, 0.086365]
[-0.217644, 0.551292, 0.116107]
[-0.127898, 0.943221, 0.03569]
[-0.115059, 0.955792, -0.02653]
[-0.162624, 0.840575, 0.120745]
[-0.190613, 0.62881, 0.106225]
[-0.197803, 0.555638, 0.049492]
[-0.203377, 0.595147, 0.115369]
[-0.229513, 0.54137, 0.062892]
[-0.199742, 0.563392, 0.149893]
[-0.210585, 0.529377, 0.111398]
[-0.189083, 0.548147, 0.147745]
[-0.086141, 0.956389, 0.038819]
[-0.081057, 0.961913, -0.024277]
[-0.124357, 0.909013, 0.138156]
[-0.089134, 0.944928, 0.098264]
[-0.150825, 0.818634, 0.152114]
[-0.195285, 0.613382, 0.111428]
[-0.180178, 0.636722, 0.129391]
[-0.198026, 0.54165, 0.072518]
[-0.195267, 0.581858, 0.148138]
[-0.223892, 0.521744, 0.084918]
[-0.174218, 0.558002, 0.18448]
[-0.184429, 0.550834, 0.101488]
[-0.167506, 0.557543, 0.141248]
[-0.043921, 0.964354, 0.041484]
[-0.042219, 0.966678, -0.02358]
[-0.117132, 0.892965, 0.170989]
[-0.087783, 0.927389, 0.148322]
[-0.139438, 0.786732, 0.179099]
[-0.188041, 0.601233, 0.143981]
[-0.182382, 0.619242, 0.137527]
[-0.181124, 0.574744, 0.185019]
[-0.147873, 0.598741, 0.091986]
[-0.152168, 0.559267, 0.178508]
[-0.14328, 0.597677, 0.134922]
[-0.135927, 0.596417, 0.168735]
[-0.160631, 0.556585, 0.053317]
[0.0, 0.968263, -0.023336]
[-0.132158, 0.856468, 0.183901]
[-0.045208, 0.953389, 0.103749]
[-0.127579, 0.757392, 0.201194]
[-0.168463, 0.644675, 0.152955]
[-0.179164, 0.590403, 0.180998]
[-0.172652, 0.60961, 0.174429]
[-0.168419, 0.627502, 0.164885]
[-0.131299, 0.59516, 0.195446]
[-0.143267, 0.553669, 0.203912]
[-0.167521, 0.55417, 0.204001]
[0.0, 0.968535, 0.043559]
[-0.089939, 0.873313, 0.214405]
[-0.087153, 0.905154, 0.186186]
[-0.11948, 0.816105, 0.211596]
[-0.118481, 0.726788, 0.222748]
[-0.156461, 0.654106, 0.178581]
[-0.163832, 0.597949, 0.213486]
[-0.171268, 0.579521, 0.215511]
[-0.113156, 0.590974, 0.229726]
[0.0, 0.956505, 0.105378]
[-0.045684, 0.936285, 0.157266]
[-0.08462, 0.835619, 0.237004]
[-0.045626, 0.913854, 0.200243]
[-0.04551, 0.884542, 0.230957]
[-0.106031, 0.78076, 0.229991]
[-0.154296, 0.638899, 0.193309]
[-0.164759, 0.581528, 0.24348]
[-0.156069, 0.62009, 0.206878]
[-0.150914, 0.603496, 0.245579]
[-0.123943, 0.545155, 0.241605]
[-0.096041, 0.586791, 0.264005]
[0.0, 0.939861, 0.160095]
[-0.042694, 0.848398, 0.254478]
[0.0, 0.916747, 0.206714]
[0.0, 0.888695, 0.238122]
[-0.097999, 0.74817, 0.249167]
[-0.075767, 0.800171, 0.254119]
[-0.122827, 0.707486, 0.226396]
[-0.14562, 0.666564, 0.200477]
[-0.132162, 0.686191, 0.225977]
[-0.155136, 0.576816, 0.26797]
[-0.138377, 0.653824, 0.224852]
[-0.133463, 0.638818, 0.247277]
[-0.109345, 0.536641, 0.266664]
[-0.083231, 0.580847, 0.291015]
[0.0, 0.853536, 0.262418]
[-0.071055, 0.769368, 0.273586]
[-0.03943, 0.813181, 0.271648]
[-0.12111, 0.67992, 0.252231]
[-0.097974, 0.714207, 0.270444]
[-0.140444, 0.594977, 0.271714]
[-0.13047, 0.567284, 0.290258]
[-0.142603, 0.554929, 0.280449]
[-0.097928, 0.530766, 0.287812]
[-0.064924, 0.569585, 0.326156]
[-0.037591, 0.78362, 0.290761]
[-0.069436, 0.742617, 0.296294]
[0.0, 0.817717, 0.280497]
[-0.113609, 0.668452, 0.275631]
[-0.129305, 0.534678, 0.283754]
[-0.121669, 0.62803, 0.280055]
[-0.115627, 0.619737, 0.302491]
[-0.119303, 0.525442, 0.276128]
[-0.078594, 0.520898, 0.32131]
[-0.055887, 0.562732, 0.355392]
[-0.036675, 0.75962, 0.313741]
[-0.091366, 0.698523, 0.300081]
[-0.06726, 0.72408, 0.323337]
[0.0, 0.78755, 0.298112]
[-0.118969, 0.537266, 0.297972]
[-0.110281, 0.522679, 0.292865]
[-0.106303, 0.659569, 0.301554]
[-0.111775, 0.570492, 0.312214]
[-0.102186, 0.65276, 0.322077]
[-0.105008, 0.611858, 0.317518]
[-0.059867, 0.506578, 0.337637]
[-0.034849, 0.544815, 0.388429]
[-0.035869, 0.739849, 0.340916]
[-0.088141, 0.687413, 0.326273]
[-0.066124, 0.709917, 0.35177]
[0.0, 0.765571, 0.321848]
[-0.093617, 0.527223, 0.336248]
[-0.096329, 0.538173, 0.342938]
[-0.096772, 0.641706, 0.343728]
[-0.097159, 0.572973, 0.318252]
[-0.091361, 0.608622, 0.324091]
[-0.087703, 0.516926, 0.328384]
[-0.047486, 0.496097, 0.342054]
[-0.025781, 0.541007, 0.391485]
[-0.087663, 0.676275, 0.353433]
[-0.035614, 0.723283, 0.371478]
[-0.066954, 0.696877, 0.381638]
[0.0, 0.74567, 0.348874]
[-0.09658, 0.554667, 0.349608]
[-0.075427, 0.510784, 0.361335]
[-0.077, 0.522554, 0.372961]
[-0.085053, 0.63168, 0.344533]
[-0.068285, 0.498668, 0.349397]
[-0.034884, 0.487154, 0.345343]
[-0.016712, 0.537202, 0.394538]
[-0.085017, 0.663481, 0.379547]
[-0.035855, 0.707047, 0.403967]
[-0.066027, 0.681276, 0.41466]
[0.0, 0.728601, 0.377589]
[-0.072751, 0.534967, 0.386596]
[-0.061607, 0.499516, 0.371991]
[-0.064124, 0.514037, 0.391241]
[-0.084466, 0.559412, 0.349474]
[-0.089877, 0.631477, 0.368442]
[-0.076722, 0.623321, 0.364691]
[-0.055571, 0.488897, 0.352897]
[-0.018364, 0.476946, 0.349471]
[0.0, 0.529496, 0.394259]
[-0.034375, 0.690659, 0.435928]
[-0.079212, 0.65038, 0.401721]
[-0.060949, 0.667751, 0.442897]
[0.0, 0.711429, 0.411404]
[-0.063384, 0.53338, 0.412186]
[-0.04659, 0.488351, 0.381828]
[-0.047809, 0.504114, 0.405412]
[-0.062486, 0.541823, 0.384574]
[-0.080389, 0.606844, 0.387629]
[-0.068917, 0.603463, 0.382925]
[-0.041171, 0.479151, 0.356428]
[0.0, 0.471559, 0.351673]
[-0.030012, 0.674273, 0.456418]
[-0.070926, 0.6226, 0.417134]
[-0.056951, 0.63419, 0.449257]
[0.0, 0.69467, 0.442496]
[-0.050259, 0.528188, 0.43007]
[-0.071555, 0.559531, 0.400111]
[-0.064199, 0.563298, 0.427551]
[-0.074234, 0.582661, 0.398061]
[-0.065222, 0.578879, 0.391935]
[-0.024885, 0.478142, 0.388932]
[-0.020835, 0.466527, 0.360098]
[-0.051684, 0.589884, 0.441815]
[-0.026269, 0.639186, 0.463525]
[-0.024414, 0.591751, 0.459557]
[0.0, 0.677824, 0.461099]
[-0.050919, 0.567197, 0.450395]
[-0.025951, 0.496341, 0.416557]
[-0.02587, 0.52342, 0.44338]
[-0.060523, 0.558663, 0.392862]
[-0.06435, 0.586323, 0.419636]
[0.0, 0.461292, 0.361724]
[0.0, 0.64011, 0.469643]
[0.0, 0.59326, 0.465557]
[0.0, 0.492976, 0.420215]
[-0.025964, 0.567131, 0.465917]
[0.0, 0.519788, 0.447505]
[0.0, 0.474053, 0.391444]
[0.0, 0.567388, 0.4715]
[-0.243518, 0.720222, -0.114081]
[-0.269809, 0.704715, -0.133608]
[-0.208561, 0.73882, -0.093235]
[-0.232965, 0.675279, -0.091282]
[-0.209712, 0.687944, -0.077224]
[-0.194681, 0.791934, -0.103368]
[-0.205427, 0.6523, -0.060802]
[-0.226333, 0.641929, -0.073873]
[-0.221407, 0.610977, -0.055852]
[-0.217737, 0.582757, -0.03621]
[-0.198548, 0.619227, -0.043721]
[-0.191208, 0.591226, -0.019947]
[-0.179169, 0.570697, 0.007569]
[-0.178876, 0.562709, 0.034877]
[-0.128965, 0.518937, 0.255463]
[-0.136491, 0.520484, 0.272669]
[-0.140516, 0.506649, 0.26258]
[-0.135404, 0.507568, 0.245538]
[-0.144956, 0.527604, 0.214954]
[-0.144072, 0.508363, 0.222772]
[-0.144826, 0.489087, 0.249016]
[-0.154003, 0.512077, 0.262191]
[-0.151545, 0.494637, 0.24997]
[-0.139489, 0.492402, 0.239504]
[-0.143739, 0.490301, 0.230674]
[-0.150624, 0.533535, 0.272814]
[-0.156964, 0.492224, 0.246393]
[-0.146466, 0.481675, 0.239765]
[-0.165025, 0.545785, 0.262669]
[-0.164136, 0.518094, 0.255448]
[-0.158483, 0.492559, 0.233319]
[-0.173588, 0.551403, 0.244123]
[-0.159389, 0.49549, 0.240553]
[-0.170857, 0.520446, 0.24241]
[-0.152529, 0.495625, 0.22892]
[-0.171126, 0.517967, 0.229256]
[-0.176394, 0.548947, 0.222276]
[-0.162649, 0.513088, 0.219306]
[-0.168119, 0.535661, 0.210892]
[-0.158463, 0.560875, -0.011663]
[-0.16774, 0.570405, -0.042942]
[-0.129082, 0.560217, -0.06058]
[-0.126224, 0.600296, -0.045999]
[-0.148999, 0.597891, 0.023257]
[-0.133526, 0.568612, -0.08591]
[-0.176568, 0.608543, -0.08396]
[-0.079718, 0.601449, -0.10274]
[-0.142095, 0.600425, -0.119604]
[-0.089063, 0.561612, -0.10413]
[-0.092718, 0.565587, -0.12426]
[-0.10023, 0.59703, -0.153064]
[-0.182702, 0.646923, -0.112379]
[-0.148038, 0.642561, -0.147195]
[-0.051374, 0.604047, -0.116858]
[-0.044626, 0.562595, -0.128731]
[-0.104778, 0.639554, -0.176785]
[-0.046618, 0.564114, -0.146034]
[-0.051322, 0.594896, -0.173733]
[0.0, 0.611185, -0.141646]
[-0.151221, 0.691698, -0.164408]
[-0.187002, 0.689389, -0.129227]
[0.0, 0.563573, -0.156113]
[-0.05377, 0.635114, -0.194552]
[0.0, 0.593946, -0.177647]
[0.0, 0.633986, -0.198105]
[0.0, 0.562549, -0.13939]
[-0.184582, 0.745566, -0.133229]
[-0.106429, 0.691462, -0.193133]
[-0.149075, 0.749122, -0.172397]
[0.0, 0.686371, -0.214001]
[-0.055027, 0.68773, -0.209912]
[-0.140821, 0.809991, -0.17074]
[-0.104835, 0.749297, -0.198827]
[-0.054109, 0.746956, -0.215521]
[0.0, 0.746232, -0.221944]
[-0.176404, 0.830679, -0.128179]
[-0.099117, 0.806023, -0.193575]
[-0.125875, 0.848634, -0.168446]
[-0.051209, 0.805269, -0.206645]
[0.0, 0.805533, -0.211716]
[-0.139789, 0.87597, -0.14585]
[-0.092776, 0.85058, -0.182109]
[-0.092056, 0.892289, -0.15848]
[-0.048265, 0.852574, -0.191095]
[0.0, 0.85378, -0.19635]
[-0.116635, 0.933209, -0.112424]
[-0.171418, 0.898652, -0.121263]
[0.0, 0.899958, -0.171159]
[-0.047312, 0.897847, -0.167286]
[-0.154987, 0.940994, -0.096726]
[-0.083984, 0.933493, -0.122336]
[-0.1038, 0.949264, -0.070836]
[0.0, 0.936899, -0.131854]
[-0.078329, 0.954862, -0.074618]
[-0.045355, 0.935378, -0.129208]
[-0.04179, 0.958319, -0.080159]
[0.0, 0.959178, -0.083948]
[-0.280063, 0.952967, -0.110334]
[-0.238702, 0.954255, -0.111756]
[-0.261112, 0.93263, -0.105385]
[-0.259707, 0.972718, -0.115811]
[-0.279847, 0.924715, -0.080629]
[-0.27843, 0.988248, -0.119407]
[-0.296156, 0.945342, -0.087614]
[-0.297419, 0.971601, -0.114671]
[-0.310551, 0.96426, -0.093434]
[-0.218946, 0.936104, -0.109182]
[-0.283766, 0.932335, -0.053665]
[-0.261043, 0.902129, -0.073999]
[-0.291681, 0.997648, -0.110949]
[-0.299336, 0.954001, -0.061237]
[-0.311755, 0.982579, -0.094768]
[-0.311859, 0.972731, -0.069066]
[-0.242215, 0.911095, -0.099852]
[-0.195585, 0.917107, -0.110858]
[-0.303058, 0.986617, -0.107807]
[-0.302415, 1.002271, -0.092446]
[-0.288247, 0.974446, -0.044392]
[-0.312674, 0.987902, -0.079469]
[-0.30102, 0.991982, -0.055736]
[-0.264991, 0.909871, -0.042623]
[-0.272242, 0.95567, -0.033785]
[-0.254381, 0.936721, -0.021407]
[-0.223319, 0.885769, -0.095117]
[-0.305283, 0.99947, -0.070878]
[-0.265567, 0.995573, -0.0486]
[-0.282786, 1.009741, -0.060643]
[-0.235404, 0.917054, -0.008608]
[-0.243624, 0.874801, -0.066098]
[-0.247778, 0.877567, -0.029977]
[-0.24885, 0.980577, -0.036439]
[-0.230014, 0.965236, -0.024601]
[-0.293903, 1.010498, -0.074016]
[-0.248345, 1.004456, -0.072477]
[-0.268879, 1.016224, -0.081492]
[-0.210828, 0.950389, -0.011081]
[-0.228183, 0.990867, -0.063878]
[-0.207861, 0.976787, -0.054715]
[-0.246244, 0.993765, -0.100162]
[-0.285206, 1.014534, -0.087055]
[-0.267411, 1.007722, -0.105952]
[-0.187267, 0.964753, -0.047638]
[-0.284287, 1.009211, -0.102353]
[-0.223759, 0.97854, -0.094267]
[-0.179303, 0.950062, -0.091237]
[-0.201227, 0.963648, -0.090779]
[0.318831, 0.689872, -0.151617]
[0.292036, 0.722439, -0.155819]
[0.318524, 0.727461, -0.153911]
[0.29005, 0.694403, -0.149878]
[0.327957, 0.719927, -0.131312]
[0.280401, 0.658297, -0.131666]
[0.327604, 0.696097, -0.129587]
[0.304546, 0.640578, -0.128371]
[0.315918, 0.653491, -0.113766]
[0.300352, 0.747479, -0.134609]
[0.279372, 0.738096, -0.144601]
[0.29001, 0.637995, -0.107149]
[0.260645, 0.661149, -0.112253]
[0.309776, 0.70706, -0.104219]
[0.279705, 0.762518, -0.111132]
[0.258384, 0.752615, -0.122349]
[0.252194, 0.629036, -0.092885]
[0.313329, 0.737347, -0.1141]
[0.303037, 0.656598, -0.094704]
[0.262255, 0.78155, -0.090943]
[0.235107, 0.772607, -0.101214]
[0.280787, 0.621134, -0.090254]
[0.245975, 0.599569, -0.07429]
[0.289268, 0.721103, -0.078394]
[0.294737, 0.753239, -0.091591]
[0.293304, 0.631276, -0.073652]
[0.282197, 0.682145, -0.066048]
[0.247213, 0.809663, -0.074443]
[0.218083, 0.802736, -0.094299]
[0.272407, 0.593011, -0.070654]
[0.240812, 0.571881, -0.055297]
[0.277782, 0.772254, -0.073618]
[0.264107, 0.702912, -0.041887]
[0.273093, 0.740799, -0.05718]
[0.285394, 0.600911, -0.055301]
[0.274767, 0.647032, -0.049118]
[0.239108, 0.837136, -0.064019]
[0.205675, 0.850255, -0.097367]
[0.264437, 0.567083, -0.053103]
[0.236652, 0.556247, -0.041561]
[0.265003, 0.799252, -0.056914]
[0.243619, 0.72549, -0.018453]
[0.257752, 0.662008, -0.024491]
[0.241979, 0.673793, -0.010395]
[0.278023, 0.575719, -0.037963]
[0.268813, 0.614715, -0.029393]
[0.253903, 0.826907, -0.03909]
[0.256329, 0.550022, -0.03512]
[0.255534, 0.765043, -0.038632]
[0.233898, 0.645325, 0.016638]
[0.220105, 0.717464, 0.005601]
[0.220924, 0.677994, 0.004969]
[0.266944, 0.587883, -0.0157]
[0.249372, 0.625028, 0.001884]
[0.240984, 0.794715, -0.018185]
[0.239761, 0.837601, -0.014381]
[0.2708, 0.561185, -0.023904]
[0.228781, 0.767235, -0.003335]
[0.216099, 0.659643, 0.026057]
[0.254432, 0.593994, 0.010761]
[0.235135, 0.610806, 0.036199]
[0.230223, 0.819658, -0.002031]
[0.221494, 0.84853, 0.015034]
[0.233742, 0.86633, -0.003133]
[0.246202, 0.552676, -0.0128]
[0.213537, 0.751007, 0.017375]
[0.218701, 0.797326, 0.012779]
[0.207265, 0.77611, 0.027985]
[0.224061, 0.629679, 0.043656]
[0.209206, 0.644212, 0.052164]
[0.264018, 0.564246, -0.007202]
[0.204264, 0.883435, 0.030587]
[0.218854, 0.902416, 0.00952]
[0.21708, 0.56101, -0.019486]
[0.198298, 0.806635, 0.042602]
[0.210905, 0.824873, 0.029609]
[0.225933, 0.600113, 0.063478]
[0.214315, 0.618553, 0.064885]
[0.255072, 0.572788, 0.016908]
[0.242449, 0.594454, 0.038579]
[0.171903, 0.926394, 0.033762]
[0.192507, 0.93841, 0.00717]
[0.238581, 0.560555, 0.010832]
[0.195867, 0.857275, 0.05045]
[0.203571, 0.635576, 0.06781]
[0.238221, 0.578688, 0.065202]
[0.206175, 0.612663, 0.087056]
[0.216275, 0.593641, 0.088572]
[0.142763, 0.947839, -0.033682]
[0.166758, 0.956099, -0.041549]
[0.20317, 0.56423, 0.002418]
[0.248513, 0.57882, 0.03973]
[0.232776, 0.56594, 0.035362]
[0.189633, 0.829564, 0.060151]
[0.169667, 0.892947, 0.081179]
[0.197935, 0.626938, 0.083457]
[0.228985, 0.567423, 0.088148]
[0.203377, 0.595147, 0.115369]
[0.212836, 0.573245, 0.117074]
[0.127898, 0.943221, 0.03569]
[0.115059, 0.955792, -0.02653]
[0.198704, 0.565257, 0.02475]
[0.244068, 0.562828, 0.064825]
[0.174965, 0.840692, 0.087724]
[0.190613, 0.62881, 0.106225]
[0.195267, 0.581858, 0.148138]
[0.195285, 0.613382, 0.111428]
[0.188042, 0.601233, 0.143981]
[0.132281, 0.92614, 0.08966]
[0.086142, 0.956389, 0.038819]
[0.081057, 0.961913, -0.024277]
[0.197803, 0.555638, 0.049492]
[0.237969, 0.539102, 0.086365]
[0.217644, 0.551292, 0.116107]
[0.162624, 0.840575, 0.120745]
[0.180178, 0.636722, 0.129391]
[0.179165, 0.590403, 0.180998]
[0.199742, 0.563392, 0.149893]
[0.181123, 0.574744, 0.185019]
[0.148671, 0.878807, 0.133797]
[0.089134, 0.944928, 0.098264]
[0.124357, 0.909013, 0.138156]
[0.043921, 0.964354, 0.041484]
[0.042219, 0.966678, -0.02358]
[0.229513, 0.54137, 0.062892]
[0.150826, 0.818634, 0.152114]
[0.168463, 0.644675, 0.152955]
[0.182382, 0.619242, 0.137527]
[0.174218, 0.558002, 0.18448]
[0.167521, 0.55417, 0.204001]
[0.171268, 0.579521, 0.215511]
[0.087783, 0.927389, 0.148322]
[0.117132, 0.892965, 0.170989]
[0.198026, 0.54165, 0.072518]
[0.223892, 0.521744, 0.084918]
[0.210585, 0.529377, 0.111398]
[0.139438, 0.786732, 0.179099]
[0.156461, 0.654106, 0.178581]
[0.168419, 0.627502, 0.164885]
[0.189083, 0.548147, 0.147745]
[0.163832, 0.597949, 0.213486]
[0.172652, 0.60961, 0.174429]
[0.132158, 0.856468, 0.183901]
[0.087153, 0.905154, 0.186186]
[0.045684, 0.936285, 0.157266]
[0.045208, 0.953389, 0.103749]
[0.184429, 0.550834, 0.101488]
[0.160631, 0.556585, 0.053317]
[0.127579, 0.757392, 0.201194]
[0.11948, 0.816105, 0.211596]
[0.167506, 0.557543, 0.141248]
[0.152168, 0.559267, 0.178508]
[0.164759, 0.581528, 0.24348]
[0.154296, 0.638899, 0.193309]
[0.089939, 0.873313, 0.214405]
[0.045626, 0.913854, 0.200243]
[0.147873, 0.598741, 0.091986]
[0.14562, 0.666564, 0.200477]
[0.132162, 0.686191, 0.225977]
[0.143267, 0.553669, 0.203912]
[0.150914, 0.603496, 0.245579]
[0.156069, 0.62009, 0.206878]
[0.08462, 0.835619, 0.237004]
[0.106031, 0.78076, 0.229991]
[0.04551, 0.884542, 0.230957]
[0.14328, 0.597677, 0.134922]
[0.135927, 0.596417, 0.168735]
[0.122827, 0.707486, 0.226396]
[0.138377, 0.653824, 0.224852]
[0.1313, 0.59516, 0.195446]
[0.113156, 0.590974, 0.229726]
[0.123943, 0.545155, 0.241605]
[0.118481, 0.726788, 0.222748]
[0.075767, 0.800171, 0.254119]
[0.042694, 0.848398, 0.254478]
[0.12111, 0.67992, 0.252231]
[0.133463, 0.638818, 0.247277]
[0.096041, 0.586791, 0.264005]
[0.109345, 0.536641, 0.266664]
[0.097999, 0.74817, 0.249167]
[0.140444, 0.594977, 0.271714]
[0.155136, 0.576816, 0.26797]
[0.097974, 0.714207, 0.270444]
[0.113609, 0.668452, 0.275631]
[0.083231, 0.580847, 0.291015]
[0.097928, 0.530766, 0.287812]
[0.119303, 0.525442, 0.276128]
[0.03943, 0.813181, 0.271648]
[0.071055, 0.769368, 0.273586]
[0.13047, 0.567284, 0.290258]
[0.121669, 0.62803, 0.280055]
[0.115627, 0.619737, 0.302491]
[0.069436, 0.742617, 0.296294]
[0.091366, 0.698523, 0.300081]
[0.064924, 0.569585, 0.326156]
[0.110281, 0.522679, 0.292865]
[0.129305, 0.534678, 0.283754]
[0.142603, 0.554929, 0.280449]
[0.106303, 0.659569, 0.301554]
[0.111775, 0.570492, 0.312214]
[0.102186, 0.65276, 0.322077]
[0.105008, 0.611858, 0.317518]
[0.037591, 0.78362, 0.290761]
[0.078594, 0.520898, 0.32131]
[0.055887, 0.562732, 0.355392]
[0.118969, 0.537266, 0.297972]
[0.097159, 0.572973, 0.318252]
[0.096329, 0.538173, 0.342938]
[0.09658, 0.554667, 0.349608]
[0.088141, 0.687413, 0.326273]
[0.096772, 0.641706, 0.343728]
[0.087663, 0.676275, 0.353433]
[0.036675, 0.75962, 0.313741]
[0.06726, 0.72408, 0.323337]
[0.059868, 0.506578, 0.337637]
[0.034849, 0.544815, 0.388429]
[0.093617, 0.527223, 0.336248]
[0.087703, 0.516926, 0.328384]
[0.084466, 0.559412, 0.349474]
[0.091361, 0.608622, 0.324091]
[0.066124, 0.709917, 0.35177]
[0.085017, 0.663481, 0.379547]
[0.066954, 0.696877, 0.381638]
[0.047486, 0.496097, 0.342054]
[0.025781, 0.541007, 0.391485]
[0.075427, 0.510784, 0.361335]
[0.068285, 0.498668, 0.349397]
[0.072751, 0.534967, 0.386596]
[0.062486, 0.541823, 0.384574]
[0.085054, 0.63168, 0.344533]
[0.066027, 0.681276, 0.41466]
[0.035615, 0.723283, 0.371478]
[0.035855, 0.707047, 0.403967]
[0.035869, 0.739849, 0.340916]
[0.034884, 0.487154, 0.345343]
[0.016712, 0.537202, 0.394538]
[0.061607, 0.499516, 0.371991]
[0.055571, 0.488897, 0.352897]
[0.077, 0.522554, 0.372961]
[0.071555, 0.559531, 0.400111]
[0.060523, 0.558663, 0.392862]
[0.089877, 0.631477, 0.368442]
[0.034375, 0.690659, 0.435928]
[0.079212, 0.65038, 0.401721]
[0.060949, 0.667751, 0.442897]
[0.018364, 0.476946, 0.349471]
[0.04659, 0.488351, 0.381828]
[0.041171, 0.479151, 0.356428]
[0.064125, 0.514037, 0.391241]
[0.065222, 0.578879, 0.391935]
[0.076722, 0.623321, 0.364691]
[0.030012, 0.674273, 0.456418]
[0.080389, 0.606844, 0.387629]
[0.070926, 0.6226, 0.417134]
[0.024885, 0.478142, 0.388932]
[0.020835, 0.466527, 0.360098]
[0.063384, 0.53338, 0.412186]
[0.074234, 0.582661, 0.398061]
[0.068917, 0.603463, 0.382925]
[0.056951, 0.63419, 0.449257]
[0.026269, 0.639186, 0.463525]
[0.047809, 0.504114, 0.405412]
[0.06435, 0.586323, 0.419636]
[0.064199, 0.563298, 0.427551]
[0.051684, 0.589884, 0.441815]
[0.024414, 0.591751, 0.459557]
[0.025951, 0.496341, 0.416557]
[0.050259, 0.528188, 0.43007]
[0.050919, 0.567197, 0.450395]
[0.02587, 0.52342, 0.44338]
[0.025965, 0.567131, 0.465917]
[0.243518, 0.720222, -0.114081]
[0.269809, 0.704715, -0.133608]
[0.232965, 0.675279, -0.091282]
[0.208561, 0.73882, -0.093235]
[0.209712, 0.687944, -0.077224]
[0.194682, 0.791934, -0.103368]
[0.205427, 0.6523, -0.060802]
[0.226333, 0.641929, -0.073873]
[0.221407, 0.610977, -0.055852]
[0.217737, 0.582757, -0.03621]
[0.198548, 0.619227, -0.043721]
[0.191209, 0.591226, -0.019947]
[0.179169, 0.570697, 0.007569]
[0.178876, 0.562709, 0.034877]
[0.128965, 0.518937, 0.255463]
[0.136491, 0.520484, 0.272669]
[0.140517, 0.506649, 0.26258]
[0.135404, 0.507568, 0.245538]
[0.144072, 0.508363, 0.222772]
[0.144956, 0.527604, 0.214954]
[0.154003, 0.512077, 0.262191]
[0.150624, 0.533535, 0.272814]
[0.139489, 0.492402, 0.239504]
[0.144826, 0.489087, 0.249016]
[0.151545, 0.494637, 0.24997]
[0.164136, 0.518094, 0.255448]
[0.156964, 0.492224, 0.246393]
[0.143739, 0.490301, 0.230674]
[0.165025, 0.545785, 0.262669]
[0.146466, 0.481675, 0.239765]
[0.159389, 0.49549, 0.240553]
[0.158483, 0.492559, 0.233319]
[0.173587, 0.551403, 0.244123]
[0.170857, 0.520446, 0.24241]
[0.171126, 0.517967, 0.229256]
[0.152529, 0.495625, 0.22892]
[0.162649, 0.513088, 0.219306]
[0.176395, 0.548947, 0.222276]
[0.168119, 0.535661, 0.210892]
[0.158463, 0.560875, -0.011663]
[0.129082, 0.560217, -0.06058]
[0.16774, 0.570405, -0.042942]
[0.126224, 0.600296, -0.045999]
[0.148999, 0.597891, 0.023257]
[0.133526, 0.568612, -0.08591]
[0.079718, 0.601449, -0.10274]
[0.089063, 0.561612, -0.10413]
[0.092718, 0.565587, -0.12426]
[0.176568, 0.608543, -0.08396]
[0.142095, 0.600425, -0.119604]
[0.051374, 0.604047, -0.116858]
[0.10023, 0.59703, -0.153064]
[0.044626, 0.562595, -0.128731]
[0.046618, 0.564114, -0.146034]
[0.182702, 0.646923, -0.112379]
[0.051322, 0.594896, -0.173733]
[0.148038, 0.642561, -0.147195]
[0.104778, 0.639554, -0.176785]
[0.151221, 0.691698, -0.164408]
[0.05377, 0.635114, -0.194552]
[0.106429, 0.691462, -0.193133]
[0.055027, 0.68773, -0.209912]
[0.187002, 0.689389, -0.129227]
[0.149075, 0.749122, -0.172397]
[0.054109, 0.746956, -0.215521]
[0.104835, 0.749297, -0.198827]
[0.184582, 0.745566, -0.133229]
[0.099117, 0.806023, -0.193575]
[0.140822, 0.809991, -0.17074]
[0.125875, 0.848634, -0.168446]
[0.051209, 0.805269, -0.206645]
[0.092776, 0.85058, -0.182109]
[0.176405, 0.830679, -0.128179]
[0.048265, 0.852574, -0.191095]
[0.092056, 0.892289, -0.15848]
[0.047313, 0.897847, -0.167286]
[0.139789, 0.87597, -0.14585]
[0.083984, 0.933493, -0.122336]
[0.045355, 0.935378, -0.129208]
[0.171418, 0.898652, -0.121263]
[0.116635, 0.933209, -0.112424]
[0.1038, 0.949264, -0.070836]
[0.04179, 0.958319, -0.080159]
[0.078329, 0.954862, -0.074618]
[0.154987, 0.940994, -0.096726]
[0.280063, 0.952967, -0.110334]
[0.261112, 0.93263, -0.105385]
[0.238702, 0.954255, -0.111757]
[0.279847, 0.924715, -0.080629]
[0.259707, 0.972718, -0.115811]
[0.296156, 0.945342, -0.087614]
[0.27843, 0.988248, -0.119407]
[0.310551, 0.96426, -0.093434]
[0.297419, 0.971601, -0.114671]
[0.218946, 0.936104, -0.109182]
[0.261043, 0.902129, -0.073999]
[0.242215, 0.911095, -0.099852]
[0.299336, 0.954001, -0.061237]
[0.283766, 0.932335, -0.053665]
[0.291681, 0.997648, -0.110949]
[0.195585, 0.917107, -0.110858]
[0.311859, 0.972731, -0.069066]
[0.311755, 0.982579, -0.094768]
[0.264991, 0.909871, -0.042623]
[0.272242, 0.95567, -0.033785]
[0.254381, 0.936721, -0.021407]
[0.303058, 0.986617, -0.107807]
[0.302415, 1.002271, -0.092446]
[0.22332, 0.885769, -0.095117]
[0.288247, 0.974446, -0.044392]
[0.312674, 0.987902, -0.079469]
[0.30102, 0.991982, -0.055736]
[0.235404, 0.917054, -0.008608]
[0.243624, 0.874801, -0.066098]
[0.247778, 0.877567, -0.029977]
[0.305285, 0.99947, -0.070878]
[0.265567, 0.995573, -0.0486]
[0.282786, 1.009741, -0.060643]
[0.230014, 0.965236, -0.024601]
[0.24885, 0.980577, -0.036439]
[0.210829, 0.950389, -0.011081]
[0.293903, 1.010498, -0.074016]
[0.228184, 0.990867, -0.063878]
[0.248345, 1.004456, -0.072477]
[0.207861, 0.976787, -0.054715]
[0.187267, 0.964753, -0.047638]
[0.285206, 1.014534, -0.087055]
[0.284287, 1.009211, -0.102353]
[0.268879, 1.016224, -0.081492]
[0.179303, 0.950062, -0.091237]
[0.201227, 0.963648, -0.090779]
[0.246245, 0.993765, -0.100162]
[0.223759, 0.97854, -0.094267]
[0.267411, 1.007722, -0.105952]
[-0.076316, 0.587278, 0.355354]
[0.076316, 0.587278, 0.355354]
[-0.429595, 0.47307, 0.376497]
[-0.4561, 0.473258, 0.370647]
[-0.429595, 0.451917, 0.371236]
[-0.429595, 0.492994, 0.389146]
[-0.45386, 0.451917, 0.364828]
[-0.455714, 0.511813, 0.387548]
[-0.460974, 0.493992, 0.384287]
[-0.4561, 0.430576, 0.370647]
[-0.429595, 0.430764, 0.376497]
[-0.479626, 0.472653, 0.351556]
[-0.429595, 0.51311, 0.395628]
[-0.429595, 0.41084, 0.389146]
[-0.476247, 0.451917, 0.346166]
[-0.429595, 0.528013, 0.387226]
[-0.461223, 0.52386, 0.381256]
[-0.481261, 0.497594, 0.36654]
[-0.479626, 0.43118, 0.351556]
[-0.455714, 0.392021, 0.387548]
[-0.429595, 0.390721, 0.395628]
[-0.429595, 0.543883, 0.371287]
[-0.46674, 0.53752, 0.366997]
[-0.489275, 0.504736, 0.34339]
[-0.460974, 0.409842, 0.384287]
[-0.486044, 0.478109, 0.323588]
[-0.484215, 0.451917, 0.32019]
[-0.486044, 0.425724, 0.323588]
[-0.489275, 0.399098, 0.34339]
[-0.429595, 0.375821, 0.387226]
[-0.466583, 0.544507, 0.351546]
[-0.481261, 0.40624, 0.36654]
[-0.485269, 0.511564, 0.324241]
[-0.479148, 0.451917, 0.287853]
[-0.461223, 0.379971, 0.381256]
[-0.429595, 0.552529, 0.351615]
[-0.46674, 0.366314, 0.366997]
[-0.459953, 0.542732, 0.333665]
[-0.456857, 0.520616, 0.310609]
[-0.476471, 0.491432, 0.290911]
[-0.476471, 0.412402, 0.290911]
[-0.485269, 0.39227, 0.324241]
[-0.429595, 0.359951, 0.371287]
[-0.429595, 0.551213, 0.32972]
[-0.452946, 0.504617, 0.285242]
[-0.462432, 0.477032, 0.257178]
[-0.456857, 0.383217, 0.310609]
[-0.459953, 0.361102, 0.333665]
[-0.466583, 0.359326, 0.351546]
[-0.429595, 0.525211, 0.304935]
[-0.447891, 0.492219, 0.25353]
[-0.466169, 0.451917, 0.257617]
[-0.462432, 0.426799, 0.257178]
[-0.452946, 0.399217, 0.285242]
[-0.429595, 0.352621, 0.32972]
[-0.429595, 0.351305, 0.351615]
[-0.429595, 0.512054, 0.28148]
[-0.454348, 0.470311, 0.225551]
[-0.447891, 0.411615, 0.25353]
[-0.429595, 0.39178, 0.28148]
[-0.429595, 0.378623, 0.304935]
[-0.429595, 0.498356, 0.251441]
[-0.458097, 0.451917, 0.227036]
[-0.454348, 0.433522, 0.225551]
[-0.429595, 0.405478, 0.251441]
[-0.44368, 0.483095, 0.221712]
[-0.454718, 0.451917, 0.183604]
[-0.44368, 0.420738, 0.221712]
[-0.429595, 0.487464, 0.219428]
[-0.450632, 0.469499, 0.180345]
[-0.429595, 0.41637, 0.219428]
[-0.450632, 0.434335, 0.180345]
[-0.440649, 0.478135, 0.173514]
[-0.440649, 0.425699, 0.173514]
[-0.429595, 0.423202, 0.168113]
[-0.446969, 0.451917, -0.043695]
[-0.429595, 0.480632, 0.168113]
[-0.436966, 0.435938, -0.04305]
[-0.429595, 0.434221, -0.042672]
[-0.444802, 0.460477, -0.043427]
[-0.444802, 0.443357, -0.043427]
[-0.436966, 0.467896, -0.04305]
[-0.43691, 0.438963, -0.136568]
[-0.429595, 0.437213, -0.139347]
[-0.4415, 0.459359, -0.137666]
[-0.444124, 0.451917, -0.137937]
[-0.429595, 0.469613, -0.042673]
[-0.4415, 0.444475, -0.137666]
[-0.429595, 0.451917, -0.144597]
[-0.43691, 0.464868, -0.136568]
[-0.429595, 0.466621, -0.139347]
[-0.40309, 0.473258, 0.370647]
[-0.405331, 0.451917, 0.364828]
[-0.403476, 0.511813, 0.387548]
[-0.40309, 0.430576, 0.370647]
[-0.379565, 0.472653, 0.351556]
[-0.398216, 0.493992, 0.384287]
[-0.382943, 0.451917, 0.346166]
[-0.377929, 0.497594, 0.36654]
[-0.397967, 0.52386, 0.381256]
[-0.379565, 0.43118, 0.351556]
[-0.373146, 0.478109, 0.323588]
[-0.369915, 0.504736, 0.34339]
[-0.403476, 0.392021, 0.387548]
[-0.398216, 0.409842, 0.384287]
[-0.369915, 0.399098, 0.34339]
[-0.373146, 0.425724, 0.323588]
[-0.39245, 0.53752, 0.366997]
[-0.374975, 0.451917, 0.32019]
[-0.377929, 0.40624, 0.36654]
[-0.373921, 0.511564, 0.324241]
[-0.392608, 0.544507, 0.351546]
[-0.373921, 0.39227, 0.324241]
[-0.380042, 0.451917, 0.287853]
[-0.397967, 0.379971, 0.381256]
[-0.402333, 0.520616, 0.310609]
[-0.399237, 0.542732, 0.333665]
[-0.39245, 0.366314, 0.366997]
[-0.399237, 0.361102, 0.333665]
[-0.402333, 0.383217, 0.310609]
[-0.38272, 0.491432, 0.290911]
[-0.38272, 0.412402, 0.290911]
[-0.392608, 0.359326, 0.351546]
[-0.396758, 0.477032, 0.257178]
[-0.406245, 0.504617, 0.285242]
[-0.406245, 0.399217, 0.285242]
[-0.396758, 0.426799, 0.257178]
[-0.4113, 0.492219, 0.25353]
[-0.4113, 0.411615, 0.25353]
[-0.393022, 0.451917, 0.257617]
[-0.404843, 0.470311, 0.225551]
[-0.404843, 0.433522, 0.225551]
[-0.415511, 0.483095, 0.221712]
[-0.401094, 0.451917, 0.227036]
[-0.418541, 0.478135, 0.173514]
[-0.415511, 0.420738, 0.221712]
[-0.404472, 0.451917, 0.183604]
[-0.408559, 0.469499, 0.180345]
[-0.422224, 0.467896, -0.04305]
[-0.412222, 0.451917, -0.043695]
[-0.414388, 0.460477, -0.043427]
[-0.408559, 0.434335, 0.180345]
[-0.42228, 0.464868, -0.136568]
[-0.418541, 0.425699, 0.173514]
[-0.415066, 0.451917, -0.137937]
[-0.41769, 0.459359, -0.137666]
[-0.414388, 0.443357, -0.043427]
[-0.41769, 0.444475, -0.137666]
[-0.422224, 0.435938, -0.04305]
[-0.42228, 0.438963, -0.136568]
